1777551430615 0.158854 0
1777551430624 0.238081 1
1777551430633 0.273938 2
1777551430640 0.302885 3
1777551430649 0.326623 4
1777551430657 0.332332 5
1777551430665 0.347356 6
1777551430674 0.35647 7
1777551430682 0.367989 8
1777551430690 0.378405 9
1777551430698 0.379607 10
1777551430706 0.384816 11
1777551430715 0.397436 12
1777551430723 0.400641 13
1777551430731 0.414263 14
1777551430739 0.410457 15
1777551430747 0.416266 16
1777551430756 0.423077 17
1777551430764 0.426983 18
1777551430772 0.442608 19
1777551430780 0.442508 20
1777551430788 0.444712 21
1777551430796 0.435096 22
1777551430805 0.447716 23
1777551430813 0.455729 24
1777551430821 0.450821 25
1777551430828 0.450821 26
1777551430838 0.457532 27
1777551430846 0.462841 28
1777551430854 0.465345 29
1777551430863 0.464944 30
1777551430871 0.471254 31
1777551430879 0.470653 32
1777551430887 0.477764 33
1777551430895 0.484876 34
1777551430903 0.480569 35
1777551430912 0.484175 36
1777551430920 0.482973 37
1777551430928 0.487881 38
1777551430936 0.491186 39
1777551430944 0.502804 40
1777551430953 0.495593 41
1777551430961 0.491887 42
1777551430969 0.507612 43
1777551430977 0.510317 44
1777551430985 0.502404 45
1777551430994 0.51262 46
1777551431002 0.511118 47
1777551431010 0.516526 48
1777551431018 0.51873 49
1777551431026 0.520232 50
1777551431034 0.525942 51
1777551431042 0.522636 52
1777551431051 0.523738 53
1777551431059 0.532452 54
1777551431067 0.526342 55
1777551431075 0.53766 56
1777551431083 0.532452 57
1777551431092 0.533153 58
1777551431100 0.540665 59
1777551431108 0.536759 60
1777551431117 0.540865 61
1777551431125 0.541767 62
1777551431133 0.548578 63
1777551431142 0.547977 64
1777551431150 0.551983 65
1777551431159 0.557792 66
1777551431167 0.552284 67
1777551431176 0.555188 68
1777551431184 0.553085 69
1777551431192 0.563902 70
1777551431200 0.560096 71
1777551431208 0.557192 72
1777551431216 0.563401 73
1777551431224 0.564002 74
1777551431232 0.569712 75
1777551431240 0.567208 76
1777551431248 0.567408 77
1777551431256 0.57512 78
1777551431264 0.569912 79
1777551431353 0.583934 80
1777551431361 0.583333 81
1777551431369 0.577825 82
1777551431377 0.580429 83
1777551431384 0.579427 84
1777551431393 0.586138 85
1777551431401 0.586138 86
1777551431409 0.582532 87
1777551431417 0.59365 88
1777551431425 0.589443 89
1777551431433 0.597356 90
1777551431441 0.594351 91
1777551431449 0.593249 92
1777551431457 0.592348 93
1777551431465 0.594151 94
1777551431473 0.603666 95
1777551431481 0.608273 96
1777551431489 0.605268 97
1777551431497 0.607071 98
1777551431506 0.596054 99
1777551431514 0.601863 100
1777551431522 0.608874 101
1777551431530 0.605569 102
1777551431538 0.608674 103
1777551431545 0.609275 104
1777551431554 0.61879 105
1777551431561 0.616687 106
1777551431570 0.613381 107
1777551431578 0.615485 108
1777551431586 0.614884 109
1777551431594 0.625701 110
1777551431602 0.628906 111
1777551431610 0.615585 112
1777551431618 0.625 113
1777551431625 0.627604 114
1777551431634 0.627804 115
1777551431642 0.629107 116
1777551431649 0.622196 117
1777551431657 0.627304 118
1777551431665 0.629507 119
1777551431674 0.636819 120
1777551431681 0.646034 121
1777551431689 0.626703 122
1777551431697 0.632612 123
1777551431705 0.636619 124
1777551431713 0.642829 125
1777551431721 0.645633 126
1777551431729 0.642228 127
1777551431737 0.64393 128
1777551431745 0.643029 129
1777551431753 0.651943 130
1777551431761 0.644631 131
1777551431769 0.640925 132
1777551431777 0.645733 133
1777551431785 0.652444 134
1777551431793 0.654647 135
1777551431801 0.65605 136
1777551431809 0.645333 137
1777551431821 0.655849 138
1777551431830 0.654046 139
1777551431837 0.660557 140
1777551431845 0.66236 141
1777551431853 0.650641 142
1777551431861 0.655649 143
1777551431869 0.654347 144
1777551431877 0.656951 145
1777551431885 0.657652 146
1777551431893 0.658654 147
1777551431901 0.664663 148
1777551431909 0.660557 149
1777551431917 0.674579 150
1777551431926 0.667668 151
1777551431934 0.66847 152
1777551431942 0.664163 153
1777551431950 0.670373 154
1777551431959 0.676182 155
1777551431967 0.673678 156
1777551431975 0.672776 157
1777551431983 0.678686 158
1777551431992 0.676683 159
1777551432000 0.684696 160
1777551432008 0.670373 161
1777551432016 0.672576 162
1777551432024 0.670673 163
1777551432032 0.673077 164
1777551432040 0.680288 165
1777551432049 0.688101 166
1777551432056 0.677684 167
1777551432065 0.674679 168
1777551432074 0.683794 169
1777551432082 0.684996 170
1777551432090 0.691106 171
1777551432098 0.677384 172
1777551432106 0.682192 173
1777551432114 0.679387 174
1777551432122 0.685196 175
1777551432130 0.693009 176
1777551432138 0.685296 177
1777551432146 0.686999 178
1777551432155 0.6874 179
1777551432163 0.694111 180
1777551432171 0.698518 181
1777551432179 0.698718 182
1777551432187 0.693009 183
1777551432195 0.688902 184
1777551432204 0.700921 185
1777551432212 0.699519 186
1777551432219 0.693309 187
1777551432228 0.698017 188
1777551432236 0.698718 189
1777551432244 0.704127 190
1777551432251 0.703526 191
1777551432260 0.697516 192
1777551432267 0.705929 193
1777551432276 0.702925 194
1777551432284 0.704327 195
1777551432292 0.705529 196
1777551432300 0.706831 197
1777551432308 0.699319 198
1777551432316 0.703526 199
1777551432324 0.708033 200
1777551432332 0.704127 201
1777551432340 0.704627 202
1777551432348 0.707732 203
1777551432356 0.700721 204
1777551432364 0.710337 205
1777551432372 0.714143 206
1777551432380 0.70653 207
1777551432389 0.711038 208
1777551432397 0.708834 209
1777551432405 0.713842 210
1777551432413 0.710437 211
1777551432420 0.711338 212
1777551432429 0.715946 213
1777551432437 0.715745 214
1777551432445 0.714844 215
1777551432453 0.71895 216
1777551432461 0.714143 217
1777551432469 0.715044 218
1777551432477 0.71865 219
1777551432485 0.718149 220
1777551432493 0.719651 221
1777551432501 0.712841 222
1777551432509 0.719251 223
1777551432517 0.715144 224
1777551432525 0.724058 225
1777551432533 0.719351 226
1777551432541 0.718049 227
1777551432549 0.723658 228
1777551432557 0.722055 229
1777551432565 0.728065 230
1777551432573 0.726262 231
1777551432581 0.721354 232
1777551432589 0.723958 233
1777551432596 0.726462 234
1777551432605 0.732672 235
1777551432612 0.722256 236
1777551432676 0.722556 237
1777551432684 0.730669 238
1777551432693 0.727764 239
1777551432701 0.735677 240
1777551432708 0.736579 241
1777551432716 0.727865 242
1777551432724 0.728265 243
1777551432732 0.729968 244
1777551432740 0.732572 245
1777551432748 0.735377 246
1777551432756 0.726763 247
1777551432764 0.730869 248
1777551432772 0.729567 249
