1777551430624 1873.0 0
1777551430632 1873.0 1
1777551430640 1873.0 2
1777551430648 1873.0 3
1777551430656 1873.0 4
1777551430665 1873.0 5
1777551430673 1873.0 6
1777551430681 1873.0 7
1777551430689 1873.0 8
1777551430697 1873.0 9
1777551430705 1873.0 10
1777551430714 1873.0 11
1777551430721 1873.0 12
1777551430730 1873.0 13
1777551430738 1873.0 14
1777551430747 1873.0 15
1777551430755 1873.0 16
1777551430762 1873.0 17
1777551430771 1873.0 18
1777551430779 1873.0 19
1777551430787 1873.0 20
1777551430795 1873.0 21
1777551430804 1873.0 22
1777551430812 1873.0 23
1777551430820 1873.0 24
1777551430828 1873.0 25
1777551430837 1873.0 26
1777551430845 1873.0 27
1777551430854 1873.0 28
1777551430862 1873.0 29
1777551430870 1873.0 30
1777551430878 1873.0 31
1777551430886 1873.0 32
1777551430895 1873.0 33
1777551430903 1873.0 34
1777551430911 1873.0 35
1777551430919 1873.0 36
1777551430927 1873.0 37
1777551430935 1873.0 38
1777551430943 1873.0 39
1777551430952 1873.0 40
1777551430960 1873.0 41
1777551430968 1873.0 42
1777551430976 1873.0 43
1777551430984 1873.0 44
1777551430993 1873.0 45
1777551431001 1873.0 46
1777551431009 1873.0 47
1777551431017 1873.0 48
1777551431025 1873.0 49
1777551431033 1873.0 50
1777551431041 1873.0 51
1777551431050 1873.0 52
1777551431058 1873.0 53
1777551431066 1873.0 54
1777551431074 1873.0 55
1777551431082 1873.0 56
1777551431091 1873.0 57
1777551431099 1873.0 58
1777551431107 1873.0 59
1777551431116 1873.0 60
1777551431124 1873.0 61
1777551431133 1873.0 62
1777551431141 1873.0 63
1777551431150 1873.0 64
1777551431158 1873.0 65
1777551431166 1873.0 66
1777551431175 1873.0 67
1777551431183 1873.0 68
1777551431191 1873.0 69
1777551431199 1873.0 70
1777551431207 1873.0 71
1777551431215 1873.0 72
1777551431223 1873.0 73
1777551431231 1873.0 74
1777551431239 1873.0 75
1777551431247 1873.0 76
1777551431255 1873.0 77
1777551431263 1873.0 78
1777551431352 1873.0 79
1777551431360 1873.0 80
1777551431368 1873.0 81
1777551431376 1873.0 82
1777551431384 1873.0 83
1777551431392 1873.0 84
1777551431400 1873.0 85
1777551431408 1873.0 86
1777551431416 1873.0 87
1777551431424 1873.0 88
1777551431432 1873.0 89
1777551431440 1873.0 90
1777551431448 1873.0 91
1777551431456 1873.0 92
1777551431464 1873.0 93
1777551431473 1873.0 94
1777551431480 1873.0 95
1777551431488 1873.0 96
1777551431497 1873.0 97
1777551431504 1873.0 98
1777551431512 1873.0 99
1777551431520 1873.0 100
1777551431529 1873.0 101
1777551431537 1873.0 102
1777551431544 1873.0 103
1777551431552 1873.0 104
1777551431561 1873.0 105
1777551431569 1873.0 106
1777551431577 1873.0 107
1777551431585 1873.0 108
1777551431592 1873.0 109
1777551431601 1873.0 110
1777551431609 1873.0 111
1777551431616 1873.0 112
1777551431624 1873.0 113
1777551431633 1873.0 114
1777551431641 1873.0 115
1777551431648 1873.0 116
1777551431656 1873.0 117
1777551431665 1873.0 118
1777551431673 1873.0 119
1777551431681 1873.0 120
1777551431689 1873.0 121
1777551431696 1873.0 122
1777551431705 1873.0 123
1777551431712 1873.0 124
1777551431720 1873.0 125
1777551431728 1873.0 126
1777551431736 1873.0 127
1777551431744 1873.0 128
1777551431752 1873.0 129
1777551431761 1873.0 130
1777551431769 1873.0 131
1777551431776 1873.0 132
1777551431784 1873.0 133
1777551431792 1873.0 134
1777551431800 1873.0 135
1777551431808 1873.0 136
1777551431820 1873.0 137
1777551431829 1873.0 138
1777551431837 1873.0 139
1777551431845 1873.0 140
1777551431852 1873.0 141
1777551431860 1873.0 142
1777551431868 1873.0 143
1777551431876 1873.0 144
1777551431884 1873.0 145
1777551431892 1873.0 146
1777551431900 1873.0 147
1777551431908 1873.0 148
1777551431916 1873.0 149
1777551431925 1873.0 150
1777551431933 1873.0 151
1777551431941 1873.0 152
1777551431949 1873.0 153
1777551431958 1873.0 154
1777551431966 1873.0 155
1777551431974 1873.0 156
1777551431983 1873.0 157
1777551431991 1873.0 158
1777551431999 1873.0 159
1777551432008 1873.0 160
1777551432016 1873.0 161
1777551432024 1873.0 162
1777551432032 1873.0 163
1777551432039 1873.0 164
1777551432048 1873.0 165
1777551432056 1873.0 166
1777551432064 1873.0 167
1777551432073 1873.0 168
1777551432081 1873.0 169
1777551432089 1873.0 170
1777551432097 1873.0 171
1777551432105 1873.0 172
1777551432113 1873.0 173
1777551432121 1873.0 174
1777551432129 1873.0 175
1777551432138 1873.0 176
1777551432146 1873.0 177
1777551432154 1873.0 178
1777551432162 1873.0 179
1777551432170 1873.0 180
1777551432178 1873.0 181
1777551432186 1873.0 182
1777551432194 1873.0 183
1777551432203 1873.0 184
1777551432211 1873.0 185
1777551432219 1873.0 186
1777551432227 1873.0 187
1777551432235 1873.0 188
1777551432243 1873.0 189
1777551432250 1873.0 190
1777551432259 1873.0 191
1777551432267 1873.0 192
1777551432275 1873.0 193
1777551432283 1873.0 194
1777551432291 1873.0 195
1777551432299 1873.0 196
1777551432307 1873.0 197
1777551432315 1873.0 198
1777551432323 1873.0 199
1777551432331 1873.0 200
1777551432339 1873.0 201
1777551432347 1873.0 202
1777551432355 1873.0 203
1777551432363 1873.0 204
1777551432371 1873.0 205
1777551432379 1873.0 206
1777551432387 1873.0 207
1777551432396 1873.0 208
1777551432404 1873.0 209
1777551432412 1873.0 210
1777551432420 1873.0 211
1777551432428 1873.0 212
1777551432436 1873.0 213
1777551432444 1873.0 214
1777551432452 1873.0 215
1777551432460 1873.0 216
1777551432468 1873.0 217
1777551432476 1873.0 218
1777551432484 1873.0 219
1777551432492 1873.0 220
1777551432500 1873.0 221
1777551432508 1873.0 222
1777551432516 1873.0 223
1777551432524 1873.0 224
1777551432532 1873.0 225
1777551432540 1873.0 226
1777551432548 1873.0 227
1777551432556 1873.0 228
1777551432564 1873.0 229
1777551432572 1873.0 230
1777551432580 1873.0 231
1777551432588 1873.0 232
1777551432596 1873.0 233
1777551432604 1873.0 234
1777551432611 1873.0 235
1777551432620 1873.0 236
1777551432683 1873.0 237
1777551432692 1873.0 238
1777551432700 1873.0 239
1777551432708 1873.0 240
1777551432715 1873.0 241
1777551432723 1873.0 242
1777551432731 1873.0 243
1777551432739 1873.0 244
1777551432747 1873.0 245
1777551432755 1873.0 246
1777551432763 1873.0 247
1777551432771 1873.0 248
1777551432779 1873.0 249
