1777551430619 1.0 0
1777551430628 1.0 1
1777551430636 1.0 2
1777551430645 1.0 3
1777551430653 1.0 4
1777551430661 1.0 5
1777551430669 1.0 6
1777551430678 1.0 7
1777551430686 1.0 8
1777551430694 1.0 9
1777551430702 1.0 10
1777551430710 1.0 11
1777551430718 1.0 12
1777551430727 1.0 13
1777551430735 1.0 14
1777551430743 1.0 15
1777551430751 1.0 16
1777551430759 1.0 17
1777551430767 1.0 18
1777551430776 1.0 19
1777551430784 1.0 20
1777551430792 1.0 21
1777551430800 1.0 22
1777551430808 1.0 23
1777551430816 1.0 24
1777551430824 1.0 25
1777551430833 1.0 26
1777551430842 1.0 27
1777551430850 1.0 28
1777551430858 1.0 29
1777551430867 1.0 30
1777551430875 1.0 31
1777551430883 1.0 32
1777551430891 1.0 33
1777551430899 1.0 34
1777551430907 1.0 35
1777551430915 1.0 36
1777551430923 1.0 37
1777551430932 1.0 38
1777551430939 1.0 39
1777551430948 1.0 40
1777551430956 1.0 41
1777551430964 1.0 42
1777551430973 1.0 43
1777551430981 1.0 44
1777551430989 1.0 45
1777551430997 1.0 46
1777551431005 1.0 47
1777551431013 1.0 48
1777551431022 1.0 49
1777551431030 1.0 50
1777551431038 1.0 51
1777551431046 1.0 52
1777551431054 1.0 53
1777551431062 1.0 54
1777551431070 1.0 55
1777551431079 1.0 56
1777551431087 1.0 57
1777551431095 1.0 58
1777551431104 1.0 59
1777551431112 1.0 60
1777551431120 1.0 61
1777551431129 1.0 62
1777551431137 1.0 63
1777551431146 1.0 64
1777551431154 1.0 65
1777551431163 1.0 66
1777551431171 1.0 67
1777551431179 1.0 68
1777551431187 1.0 69
1777551431196 1.0 70
1777551431204 1.0 71
1777551431212 1.0 72
1777551431220 1.0 73
1777551431228 1.0 74
1777551431236 1.0 75
1777551431244 1.0 76
1777551431251 1.0 77
1777551431260 1.0 78
1777551431349 1.0 79
1777551431357 1.0 80
1777551431364 1.0 81
1777551431373 1.0 82
1777551431380 1.0 83
1777551431388 1.0 84
1777551431396 1.0 85
1777551431404 1.0 86
1777551431413 1.0 87
1777551431421 1.0 88
1777551431429 1.0 89
1777551431437 1.0 90
1777551431445 1.0 91
1777551431453 1.0 92
1777551431461 1.0 93
1777551431469 1.0 94
1777551431477 1.0 95
1777551431485 1.0 96
1777551431493 1.0 97
1777551431501 1.0 98
1777551431509 1.0 99
1777551431517 1.0 100
1777551431525 1.0 101
1777551431533 1.0 102
1777551431541 1.0 103
1777551431549 1.0 104
1777551431557 1.0 105
1777551431565 1.0 106
1777551431573 1.0 107
1777551431581 1.0 108
1777551431589 1.0 109
1777551431597 1.0 110
1777551431605 1.0 111
1777551431613 1.0 112
1777551431621 1.0 113
1777551431629 1.0 114
1777551431637 1.0 115
1777551431645 1.0 116
1777551431653 1.0 117
1777551431661 1.0 118
1777551431669 1.0 119
1777551431677 1.0 120
1777551431685 1.0 121
1777551431693 1.0 122
1777551431701 1.0 123
1777551431708 1.0 124
1777551431717 1.0 125
1777551431724 1.0 126
1777551431733 1.0 127
1777551431741 1.0 128
1777551431748 1.0 129
1777551431756 1.0 130
1777551431765 1.0 131
1777551431773 1.0 132
1777551431781 1.0 133
1777551431789 1.0 134
1777551431797 1.0 135
1777551431805 1.0 136
1777551431817 1.0 137
1777551431825 1.0 138
1777551431833 1.0 139
1777551431841 1.0 140
1777551431849 1.0 141
1777551431857 1.0 142
1777551431865 1.0 143
1777551431873 1.0 144
1777551431881 1.0 145
1777551431889 1.0 146
1777551431897 1.0 147
1777551431905 1.0 148
1777551431913 1.0 149
1777551431921 1.0 150
1777551431929 1.0 151
1777551431937 1.0 152
1777551431946 1.0 153
1777551431954 1.0 154
1777551431963 1.0 155
1777551431971 1.0 156
1777551431979 1.0 157
1777551431987 1.0 158
1777551431995 1.0 159
1777551432004 1.0 160
1777551432012 1.0 161
1777551432020 1.0 162
1777551432028 1.0 163
1777551432036 1.0 164
1777551432044 1.0 165
1777551432053 1.0 166
1777551432061 1.0 167
1777551432069 1.0 168
1777551432077 1.0 169
1777551432085 1.0 170
1777551432093 1.0 171
1777551432101 1.0 172
1777551432110 1.0 173
1777551432118 1.0 174
1777551432126 1.0 175
1777551432134 1.0 176
1777551432142 1.0 177
1777551432150 1.0 178
1777551432158 1.0 179
1777551432166 1.0 180
1777551432174 1.0 181
1777551432182 1.0 182
1777551432190 1.0 183
1777551432199 1.0 184
1777551432207 1.0 185
1777551432215 1.0 186
1777551432223 1.0 187
1777551432231 1.0 188
1777551432239 1.0 189
1777551432247 1.0 190
1777551432255 1.0 191
1777551432263 1.0 192
1777551432271 1.0 193
1777551432279 1.0 194
1777551432287 1.0 195
1777551432295 1.0 196
1777551432304 1.0 197
1777551432311 1.0 198
1777551432319 1.0 199
1777551432327 1.0 200
1777551432336 1.0 201
1777551432344 1.0 202
1777551432351 1.0 203
1777551432360 1.0 204
1777551432368 1.0 205
1777551432376 1.0 206
1777551432384 1.0 207
1777551432392 1.0 208
1777551432400 1.0 209
1777551432408 1.0 210
1777551432416 1.0 211
1777551432424 1.0 212
1777551432432 1.0 213
1777551432440 1.0 214
1777551432448 1.0 215
1777551432457 1.0 216
1777551432465 1.0 217
1777551432473 1.0 218
1777551432480 1.0 219
1777551432489 1.0 220
1777551432497 1.0 221
1777551432505 1.0 222
1777551432512 1.0 223
1777551432520 1.0 224
1777551432528 1.0 225
1777551432536 1.0 226
1777551432545 1.0 227
1777551432552 1.0 228
1777551432561 1.0 229
1777551432568 1.0 230
1777551432576 1.0 231
1777551432584 1.0 232
1777551432592 1.0 233
1777551432600 1.0 234
1777551432608 1.0 235
1777551432616 1.0 236
1777551432680 1.0 237
1777551432688 1.0 238
1777551432696 1.0 239
1777551432704 1.0 240
1777551432712 1.0 241
1777551432720 1.0 242
1777551432728 1.0 243
1777551432735 1.0 244
1777551432744 1.0 245
1777551432751 1.0 246
1777551432760 1.0 247
1777551432768 1.0 248
1777551432776 1.0 249
