1777551430616 2.23435 0
1777551430626 2.05653 1
1777551430633 1.94354 2
1777551430642 1.87371 3
1777551430650 1.82684 4
1777551430658 1.77911 5
1777551430666 1.75753 6
1777551430675 1.72995 7
1777551430683 1.69329 8
1777551430691 1.67981 9
1777551430699 1.65051 10
1777551430707 1.64571 11
1777551430716 1.63185 12
1777551430724 1.62052 13
1777551430732 1.60304 14
1777551430740 1.58084 15
1777551430748 1.57029 16
1777551430757 1.56274 17
1777551430765 1.54979 18
1777551430773 1.53522 19
1777551430781 1.52154 20
1777551430789 1.52512 21
1777551430797 1.52632 22
1777551430805 1.50991 23
1777551430814 1.49484 24
1777551430822 1.48348 25
1777551430830 1.48522 26
1777551430839 1.48168 27
1777551430847 1.47469 28
1777551430856 1.46494 29
1777551430864 1.45264 30
1777551430872 1.43891 31
1777551430880 1.4467 32
1777551430888 1.44215 33
1777551430896 1.42293 34
1777551430904 1.41244 35
1777551430913 1.41537 36
1777551430920 1.40794 37
1777551430929 1.40911 38
1777551430937 1.3921 39
1777551430945 1.37459 40
1777551430953 1.37512 41
1777551430962 1.38604 42
1777551430969 1.35801 43
1777551430978 1.36169 44
1777551430986 1.35508 45
1777551430994 1.34797 46
1777551431003 1.35879 47
1777551431011 1.33765 48
1777551431019 1.33029 49
1777551431027 1.3149 50
1777551431035 1.31675 51
1777551431043 1.32337 52
1777551431051 1.31336 53
1777551431060 1.30311 54
1777551431068 1.29162 55
1777551431076 1.28301 56
1777551431084 1.30197 57
1777551431093 1.2962 58
1777551431101 1.27511 59
1777551431109 1.26453 60
1777551431118 1.26337 61
1777551431126 1.26946 62
1777551431134 1.25895 63
1777551431143 1.25651 64
1777551431151 1.23952 65
1777551431159 1.22772 66
1777551431168 1.23878 67
1777551431177 1.22625 68
1777551431185 1.24134 69
1777551431193 1.20714 70
1777551431201 1.21875 71
1777551431209 1.21219 72
1777551431217 1.21639 73
1777551431225 1.20853 74
1777551431233 1.18851 75
1777551431240 1.19599 76
1777551431249 1.20452 77
1777551431257 1.18023 78
1777551431265 1.18794 79
1777551431354 1.15392 80
1777551431362 1.16112 81
1777551431370 1.16832 82
1777551431378 1.16968 83
1777551431386 1.17167 84
1777551431394 1.14746 85
1777551431402 1.13668 86
1777551431410 1.15567 87
1777551431417 1.13861 88
1777551431426 1.13886 89
1777551431434 1.11701 90
1777551431442 1.12741 91
1777551431450 1.13193 92
1777551431458 1.1227 93
1777551431466 1.12528 94
1777551431474 1.10546 95
1777551431482 1.1002 96
1777551431490 1.1146 97
1777551431498 1.10835 98
1777551431506 1.11883 99
1777551431514 1.09764 100
1777551431522 1.08492 101
1777551431531 1.09564 102
1777551431538 1.08394 103
1777551431546 1.08389 104
1777551431555 1.05871 105
1777551431563 1.07385 106
1777551431571 1.07706 107
1777551431579 1.05873 108
1777551431587 1.06328 109
1777551431595 1.05071 110
1777551431602 1.04413 111
1777551431611 1.05803 112
1777551431618 1.05482 113
1777551431627 1.04638 114
1777551431634 1.03376 115
1777551431643 1.02497 116
1777551431651 1.05482 117
1777551431658 1.04334 118
1777551431666 1.02811 119
1777551431674 1.01422 120
1777551431682 1.00335 121
1777551431690 1.03329 122
1777551431698 1.02342 123
1777551431706 1.0094 124
1777551431714 0.990787 125
1777551431722 1.00102 126
1777551431730 1.00753 127
1777551431738 1.00745 128
1777551431746 0.999387 129
1777551431754 0.976523 130
1777551431762 0.986413 131
1777551431770 1.00617 132
1777551431778 0.989933 133
1777551431786 0.985861 134
1777551431794 0.963495 135
1777551431802 0.970125 136
1777551431810 0.987868 137
1777551431822 0.967402 138
1777551431830 0.984955 139
1777551431838 0.951355 140
1777551431846 0.955935 141
1777551431854 0.974539 142
1777551431862 0.959492 143
1777551431870 0.971774 144
1777551431878 0.944317 145
1777551431886 0.953667 146
1777551431894 0.950449 147
1777551431902 0.940151 148
1777551431910 0.959806 149
1777551431917 0.934708 150
1777551431927 0.941034 151
1777551431935 0.933879 152
1777551431943 0.93563 153
1777551431952 0.933377 154
1777551431960 0.907702 155
1777551431968 0.918062 156
1777551431976 0.920698 157
1777551431984 0.910715 158
1777551431993 0.917327 159
1777551432001 0.886475 160
1777551432009 0.912033 161
1777551432017 0.91792 162
1777551432025 0.912964 163
1777551432033 0.910153 164
1777551432042 0.892639 165
1777551432050 0.887373 166
1777551432058 0.902787 167
1777551432066 0.90643 168
1777551432075 0.898527 169
1777551432083 0.879438 170
1777551432091 0.883379 171
1777551432099 0.900844 172
1777551432106 0.892402 173
1777551432114 0.897115 174
1777551432123 0.874683 175
1777551432131 0.866057 176
1777551432139 0.888329 177
1777551432147 0.871737 178
1777551432155 0.874223 179
1777551432163 0.853109 180
1777551432172 0.859902 181
1777551432180 0.867501 182
1777551432188 0.862138 183
1777551432196 0.867419 184
1777551432205 0.84047 185
1777551432212 0.849361 186
1777551432220 0.870179 187
1777551432229 0.854269 188
1777551432237 0.846987 189
1777551432245 0.831596 190
1777551432252 0.842406 191
1777551432261 0.849082 192
1777551432269 0.835947 193
1777551432277 0.844855 194
1777551432285 0.823281 195
1777551432293 0.829777 196
1777551432301 0.830537 197
1777551432309 0.831277 198
1777551432317 0.8385 199
1777551432325 0.825245 200
1777551432333 0.820042 201
1777551432340 0.827702 202
1777551432349 0.816991 203
1777551432357 0.828562 204
1777551432365 0.807761 205
1777551432373 0.811463 206
1777551432381 0.83757 207
1777551432389 0.811864 208
1777551432397 0.825649 209
1777551432405 0.800217 210
1777551432413 0.809123 211
1777551432421 0.810845 212
1777551432430 0.809508 213
1777551432438 0.805456 214
1777551432446 0.800232 215
1777551432454 0.793263 216
1777551432462 0.808372 217
1777551432470 0.798374 218
1777551432478 0.795692 219
1777551432486 0.78834 220
1777551432494 0.793616 221
1777551432502 0.81255 222
1777551432510 0.793135 223
1777551432518 0.797257 224
1777551432526 0.775543 225
1777551432534 0.777928 226
1777551432542 0.789444 227
1777551432550 0.773811 228
1777551432558 0.788454 229
1777551432566 0.770857 230
1777551432574 0.767921 231
1777551432581 0.785776 232
1777551432590 0.772977 233
1777551432598 0.771344 234
1777551432606 0.763755 235
1777551432613 0.779957 236
1777551432677 0.779608 237
1777551432685 0.765921 238
1777551432693 0.772002 239
1777551432701 0.748701 240
1777551432709 0.747368 241
1777551432717 0.761801 242
1777551432725 0.765385 243
1777551432733 0.758495 244
1777551432741 0.745832 245
1777551432749 0.741708 246
1777551432757 0.771723 247
1777551432765 0.756777 248
1777551432773 0.762254 249
