1777551430621 0.731912 0
1777551430629 0.718637 1
1777551430637 0.776714 2
1777551430646 0.807929 3
1777551430654 0.837416 4
1777551430662 0.485994 5
1777551430670 0.507256 6
1777551430678 0.482878 7
1777551430687 0.534102 8
1777551430695 0.569371 9
1777551430703 0.560488 10
1777551430711 0.551349 11
1777551430719 0.474022 12
1777551430727 0.472323 13
1777551430736 0.49291 14
1777551430744 0.491007 15
1777551430752 0.517736 16
1777551430760 0.519079 17
1777551430768 0.538307 18
1777551430776 0.524197 19
1777551430785 0.499126 20
1777551430793 0.509515 21
1777551430801 0.563218 22
1777551430809 0.551741 23
1777551430817 0.517542 24
1777551430825 0.791611 25
1777551430833 0.519252 26
1777551430842 0.47527 27
1777551430851 0.530478 28
1777551430860 0.50006 29
1777551430868 0.521529 30
1777551430876 0.496975 31
1777551430884 0.508585 32
1777551430891 0.523804 33
1777551430900 0.484731 34
1777551430908 0.48499 35
1777551430916 0.521563 36
1777551430924 0.493379 37
1777551430933 0.518731 38
1777551430941 0.537956 39
1777551430949 0.477564 40
1777551430957 0.56585 41
1777551430965 0.529648 42
1777551430973 0.517065 43
1777551430982 0.516344 44
1777551430990 0.514602 45
1777551430998 0.534802 46
1777551431006 0.495853 47
1777551431014 0.510234 48
1777551431022 0.773369 49
1777551431031 0.49013 50
1777551431039 0.520899 51
1777551431047 0.538735 52
1777551431055 0.523861 53
1777551431063 0.540812 54
1777551431071 0.490035 55
1777551431080 0.526546 56
1777551431088 0.56689 57
1777551431096 0.492465 58
1777551431105 0.526013 59
1777551431113 0.518098 60
1777551431121 0.551828 61
1777551431130 0.538511 62
1777551431138 0.49938 63
1777551431147 0.514553 64
1777551431155 0.491249 65
1777551431164 0.539158 66
1777551431172 0.491713 67
1777551431180 0.521692 68
1777551431188 0.512994 69
1777551431196 0.488927 70
1777551431205 0.52401 71
1777551431213 0.499862 72
1777551431221 0.482327 73
1777551431229 0.515385 74
1777551431236 0.490342 75
1777551431244 0.53367 76
1777551431253 0.520442 77
1777551431261 0.521973 78
1777551431349 0.50086 79
1777551431358 0.508952 80
1777551431365 0.546932 81
1777551431373 0.545375 82
1777551431381 0.500373 83
1777551431389 0.494377 84
1777551431397 0.497714 85
1777551431405 0.518542 86
1777551431413 0.503543 87
1777551431421 0.532217 88
1777551431430 0.546117 89
1777551431438 0.518305 90
1777551431446 0.517666 91
1777551431454 0.506829 92
1777551431462 0.506404 93
1777551431470 0.511985 94
1777551431478 0.502179 95
1777551431486 0.539322 96
1777551431494 0.539794 97
1777551431502 0.532137 98
1777551431510 0.530083 99
1777551431518 0.518127 100
1777551431526 0.490657 101
1777551431534 0.487895 102
1777551431542 0.483005 103
1777551431550 0.542708 104
1777551431558 0.538025 105
1777551431566 0.512916 106
1777551431574 0.536744 107
1777551431582 0.532108 108
1777551431590 0.532861 109
1777551431598 0.547426 110
1777551431606 0.50733 111
1777551431614 0.530043 112
1777551431622 0.491383 113
1777551431630 0.531669 114
1777551431638 0.501338 115
1777551431646 0.521021 116
1777551431654 0.562463 117
1777551431662 0.485769 118
1777551431670 0.543064 119
1777551431678 0.498707 120
1777551431686 0.570476 121
1777551431694 0.529156 122
1777551431702 0.55551 123
1777551431709 0.568009 124
1777551431718 0.731026 125
1777551431725 0.702502 126
1777551431734 0.728248 127
1777551431742 0.748262 128
1777551431750 0.700544 129
1777551431757 0.505906 130
1777551431766 0.516133 131
1777551431774 0.551623 132
1777551431782 0.50926 133
1777551431790 0.49619 134
1777551431798 0.506145 135
1777551431805 0.502286 136
1777551431818 0.489137 137
1777551431826 0.492187 138
1777551431834 0.508935 139
1777551431842 0.504079 140
1777551431850 0.488806 141
1777551431858 0.521991 142
1777551431866 0.502404 143
1777551431873 0.535104 144
1777551431882 0.516297 145
1777551431890 0.529901 146
1777551431898 0.519446 147
1777551431905 0.5048 148
1777551431914 0.521977 149
1777551431921 0.518593 150
1777551431930 0.517372 151
1777551431938 0.54351 152
1777551431947 0.511162 153
1777551431955 0.542785 154
1777551431964 0.489122 155
1777551431972 0.472122 156
1777551431979 0.499535 157
1777551431987 0.494226 158
1777551431996 0.508183 159
1777551432005 0.496332 160
1777551432013 0.526046 161
1777551432020 0.530179 162
1777551432029 0.511294 163
1777551432037 0.51825 164
1777551432045 0.508613 165
1777551432053 0.531615 166
1777551432061 0.508324 167
1777551432069 0.546376 168
1777551432078 0.52535 169
1777551432086 0.563472 170
1777551432094 0.527857 171
1777551432102 0.532216 172
1777551432110 0.51583 173
1777551432118 0.487164 174
1777551432127 0.500525 175
1777551432134 0.530666 176
1777551432143 0.528338 177
1777551432151 0.497447 178
1777551432159 0.540332 179
1777551432167 0.539544 180
1777551432175 0.517011 181
1777551432183 0.531637 182
1777551432191 0.567497 183
1777551432200 0.511547 184
1777551432208 0.531805 185
1777551432216 0.563957 186
1777551432224 0.513907 187
1777551432232 0.550151 188
1777551432240 0.509081 189
1777551432248 0.535604 190
1777551432256 0.510632 191
1777551432264 0.511424 192
1777551432272 0.518713 193
1777551432280 0.499439 194
1777551432288 0.498054 195
1777551432296 0.514321 196
1777551432304 0.515384 197
1777551432312 0.533462 198
1777551432320 0.538478 199
1777551432328 0.485337 200
1777551432337 0.500207 201
1777551432344 0.546028 202
1777551432352 0.50783 203
1777551432361 0.519998 204
1777551432369 0.523238 205
1777551432377 0.512891 206
1777551432384 0.546891 207
1777551432393 0.526265 208
1777551432401 0.525173 209
1777551432409 0.481887 210
1777551432417 0.533705 211
1777551432425 0.51661 212
1777551432433 0.488583 213
1777551432441 0.505842 214
1777551432449 0.493288 215
1777551432457 0.524959 216
1777551432466 0.519846 217
1777551432474 0.523662 218
1777551432481 0.505809 219
1777551432489 0.487817 220
1777551432498 0.482342 221
1777551432505 0.514517 222
1777551432513 0.533458 223
1777551432521 0.505272 224
1777551432529 0.488758 225
1777551432537 0.528932 226
1777551432546 0.501809 227
1777551432554 0.520755 228
1777551432561 0.525282 229
1777551432569 0.506918 230
1777551432577 0.516011 231
1777551432585 0.506156 232
1777551432593 0.484555 233
1777551432601 0.503082 234
1777551432609 0.529134 235
1777551432616 0.488047 236
1777551432681 0.482283 237
1777551432689 0.532379 238
1777551432697 0.548492 239
1777551432705 0.520325 240
1777551432713 0.49734 241
1777551432721 0.518691 242
1777551432729 0.492499 243
1777551432737 0.521295 244
1777551432745 0.774257 245
1777551432753 0.721782 246
1777551432761 0.759436 247
1777551432769 0.77842 248
1777551432777 0.682009 249
