1777551430622 0.66876 0
1777551430630 0.633554 1
1777551430638 0.71602 2
1777551430646 0.783653 3
1777551430654 0.71788 4
1777551430663 0.688103 5
1777551430670 0.648926 6
1777551430679 0.642411 7
1777551430687 0.651961 8
1777551430696 0.805985 9
1777551430704 0.758295 10
1777551430712 0.654486 11
1777551430720 0.640522 12
1777551430728 0.649978 13
1777551430737 0.653407 14
1777551430745 0.685487 15
1777551430753 0.651326 16
1777551430761 0.652374 17
1777551430769 0.653918 18
1777551430777 0.655206 19
1777551430786 0.678981 20
1777551430794 0.647876 21
1777551430802 0.646998 22
1777551430810 0.654097 23
1777551430818 0.647381 24
1777551430826 0.677596 25
1777551430835 0.642965 26
1777551430843 0.640487 27
1777551430851 0.649342 28
1777551430860 0.649648 29
1777551430868 0.694272 30
1777551430877 0.662376 31
1777551430885 0.647069 32
1777551430893 0.63607 33
1777551430901 0.650716 34
1777551430909 0.691635 35
1777551430917 0.647771 36
1777551430925 0.643193 37
1777551430933 0.654826 38
1777551430942 0.641468 39
1777551430950 0.671109 40
1777551430958 0.633844 41
1777551430966 0.650548 42
1777551430974 0.655251 43
1777551430983 0.655781 44
1777551430990 0.674965 45
1777551430999 0.643533 46
1777551431007 0.632808 47
1777551431015 0.641982 48
1777551431023 0.661321 49
1777551431032 0.673203 50
1777551431040 0.645224 51
1777551431048 0.640672 52
1777551431056 0.702021 53
1777551431064 0.715319 54
1777551431072 0.694414 55
1777551431080 0.693735 56
1777551431089 0.67527 57
1777551431097 0.640227 58
1777551431106 0.659365 59
1777551431114 0.669727 60
1777551431122 0.656549 61
1777551431131 0.6613 62
1777551431139 0.652654 63
1777551431148 0.640323 64
1777551431156 0.67355 65
1777551431165 0.657378 66
1777551431173 0.638494 67
1777551431181 0.636506 68
1777551431189 0.660711 69
1777551431198 0.67988 70
1777551431206 0.650338 71
1777551431213 0.647557 72
1777551431221 0.644902 73
1777551431229 0.646399 74
1777551431237 0.667169 75
1777551431245 0.641275 76
1777551431254 0.652547 77
1777551431262 0.636875 78
1777551431350 0.647654 79
1777551431358 0.672463 80
1777551431366 0.651025 81
1777551431374 0.656255 82
1777551431382 0.65695 83
1777551431390 0.657148 84
1777551431398 0.67542 85
1777551431406 0.636752 86
1777551431414 0.639106 87
1777551431422 0.648301 88
1777551431431 0.644919 89
1777551431439 0.688904 90
1777551431447 0.665258 91
1777551431454 0.648084 92
1777551431463 0.654956 93
1777551431471 0.671558 94
1777551431479 0.669679 95
1777551431487 0.626405 96
1777551431495 0.642033 97
1777551431503 0.644955 98
1777551431511 0.65761 99
1777551431519 0.678904 100
1777551431527 0.651622 101
1777551431535 0.64925 102
1777551431542 0.63962 103
1777551431551 0.648257 104
1777551431559 0.668813 105
1777551431567 0.662539 106
1777551431575 0.787427 107
1777551431583 0.686604 108
1777551431590 0.682374 109
1777551431599 0.683927 110
1777551431607 0.662935 111
1777551431615 0.651901 112
1777551431623 0.66335 113
1777551431631 0.65764 114
1777551431639 0.686395 115
1777551431647 0.641994 116
1777551431655 0.648191 117
1777551431663 0.643083 118
1777551431671 0.649815 119
1777551431678 0.679134 120
1777551431687 0.649043 121
1777551431695 0.63576 122
1777551431703 0.645872 123
1777551431711 0.649145 124
1777551431719 0.657557 125
1777551431727 0.657984 126
1777551431734 0.63536 127
1777551431743 0.641615 128
1777551431750 0.642744 129
1777551431759 0.693527 130
1777551431767 0.673513 131
1777551431775 0.637044 132
1777551431783 0.64206 133
1777551431791 0.645398 134
1777551431799 0.680867 135
1777551431806 0.630246 136
1777551431818 0.642046 137
1777551431827 0.641717 138
1777551431835 0.665043 139
1777551431843 0.682876 140
1777551431851 0.63905 141
1777551431859 0.637717 142
1777551431867 0.657099 143
1777551431875 0.802939 144
1777551431883 0.663743 145
1777551431890 0.647263 146
1777551431898 0.638835 147
1777551431906 0.671103 148
1777551431914 0.659977 149
1777551431922 0.687198 150
1777551431931 0.638231 151
1777551431939 0.63944 152
1777551431947 0.643214 153
1777551431956 0.650199 154
1777551431965 0.678892 155
1777551431973 0.651354 156
1777551431980 0.658431 157
1777551431988 0.64527 158
1777551431997 0.659346 159
1777551432006 0.675091 160
1777551432014 0.636258 161
1777551432021 0.644622 162
1777551432030 0.652024 163
1777551432038 0.653833 164
1777551432046 0.683697 165
1777551432054 0.637363 166
1777551432062 0.647445 167
1777551432070 0.661299 168
1777551432079 0.653255 169
1777551432087 0.680401 170
1777551432095 0.638655 171
1777551432103 0.642217 172
1777551432111 0.642258 173
1777551432119 0.638337 174
1777551432127 0.687808 175
1777551432136 0.634248 176
1777551432144 0.637385 177
1777551432152 0.658485 178
1777551432160 0.652188 179
1777551432168 0.679089 180
1777551432176 0.652478 181
1777551432184 0.64141 182
1777551432193 0.646777 183
1777551432201 0.643937 184
1777551432209 0.677015 185
1777551432217 0.67163 186
1777551432225 0.652017 187
1777551432233 0.647261 188
1777551432241 0.653767 189
1777551432249 0.682578 190
1777551432257 0.630063 191
1777551432265 0.640848 192
1777551432273 0.641551 193
1777551432281 0.657515 194
1777551432289 0.667635 195
1777551432297 0.649992 196
1777551432305 0.657888 197
1777551432313 0.759358 198
1777551432321 0.681715 199
1777551432329 0.678213 200
1777551432337 0.644426 201
1777551432345 0.654038 202
1777551432353 0.651221 203
1777551432361 0.66728 204
1777551432369 0.674335 205
1777551432377 0.635796 206
1777551432385 0.652403 207
1777551432394 0.647499 208
1777551432402 0.654638 209
1777551432410 0.686896 210
1777551432418 0.665883 211
1777551432426 0.638243 212
1777551432434 0.63956 213
1777551432442 0.654384 214
1777551432450 0.697991 215
1777551432458 0.642246 216
1777551432466 0.654014 217
1777551432474 0.644999 218
1777551432482 0.64718 219
1777551432490 0.675083 220
1777551432498 0.643892 221
1777551432506 0.653854 222
1777551432514 0.637194 223
1777551432522 0.64386 224
1777551432530 0.680603 225
1777551432538 0.6363 226
1777551432546 0.656484 227
1777551432554 0.648264 228
1777551432562 0.647125 229
1777551432570 0.67784 230
1777551432578 0.64744 231
1777551432586 0.638987 232
1777551432594 0.672862 233
1777551432602 0.640094 234
1777551432609 0.681051 235
1777551432617 0.643531 236
1777551432682 0.645055 237
1777551432690 0.644611 238
1777551432698 0.646818 239
1777551432706 0.671515 240
1777551432714 0.642409 241
1777551432722 0.639797 242
1777551432730 0.639219 243
1777551432738 0.663418 244
1777551432746 0.665031 245
1777551432753 0.820982 246
1777551432762 0.69861 247
1777551432770 0.691468 248
1777551432778 0.654188 249
