1777551430623 159.046 0
1777551430631 77.1304 1
1777551430639 76.9413 2
1777551430647 76.9182 3
1777551430655 77.9087 4
1777551430664 17.205 5
1777551430672 16.7244 6
1777551430680 16.3181 7
1777551430688 16.7161 8
1777551430696 17.1244 9
1777551430705 16.6431 10
1777551430713 17.0931 11
1777551430721 16.5011 12
1777551430729 16.4062 13
1777551430738 16.7832 14
1777551430746 16.8165 15
1777551430754 16.8941 16
1777551430762 16.4566 17
1777551430770 16.4232 18
1777551430778 16.409 19
1777551430786 16.5348 20
1777551430795 16.9808 21
1777551430802 16.3697 22
1777551430811 16.3117 23
1777551430818 17.2705 24
1777551430827 100.661 25
1777551430835 16.9073 26
1777551430844 16.0272 27
1777551430853 16.3796 28
1777551430861 16.6402 29
1777551430869 17.2094 30
1777551430877 17.0216 31
1777551430886 16.8907 32
1777551430894 16.4718 33
1777551430902 16.7384 34
1777551430909 16.8571 35
1777551430918 17.2255 36
1777551430926 16.5379 37
1777551430934 16.6362 38
1777551430943 17.2692 39
1777551430951 16.4781 40
1777551430959 16.7747 41
1777551430967 16.7531 42
1777551430975 16.5704 43
1777551430983 17.5405 44
1777551430992 17.0276 45
1777551431000 16.8721 46
1777551431008 16.3184 47
1777551431016 16.5012 48
1777551431024 99.9783 49
1777551431032 17.2575 50
1777551431041 17.0348 51
1777551431049 16.6564 52
1777551431056 16.9508 53
1777551431065 17.3899 54
1777551431073 17.231 55
1777551431081 17.1849 56
1777551431089 17.2125 57
1777551431098 16.5755 58
1777551431106 16.6953 59
1777551431115 17.2006 60
1777551431123 17.6168 61
1777551431132 16.6011 62
1777551431140 16.6617 63
1777551431149 16.9997 64
1777551431157 16.5097 65
1777551431165 16.8496 66
1777551431174 16.326 67
1777551431182 16.5028 68
1777551431190 17.3033 69
1777551431199 16.9981 70
1777551431206 16.6893 71
1777551431214 16.5173 72
1777551431222 16.3811 73
1777551431230 17.347 74
1777551431238 17.0287 75
1777551431246 16.8422 76
1777551431254 16.3076 77
1777551431262 16.8866 78
1777551431351 17.0371 79
1777551431359 16.2102 80
1777551431367 17.2114 81
1777551431375 17.1486 82
1777551431383 16.9954 83
1777551431391 17.0254 84
1777551431399 17.3141 85
1777551431407 16.9974 86
1777551431415 16.2096 87
1777551431423 16.59 88
1777551431431 17.2978 89
1777551431439 16.9724 90
1777551431448 16.8146 91
1777551431455 16.9538 92
1777551431464 16.7169 93
1777551431472 16.2377 94
1777551431480 16.9781 95
1777551431487 17.3564 96
1777551431496 16.0914 97
1777551431504 16.1661 98
1777551431512 17.3859 99
1777551431520 17.0473 100
1777551431528 16.9473 101
1777551431536 16.7574 102
1777551431544 16.9801 103
1777551431552 16.7913 104
1777551431560 17.118 105
1777551431568 17.407 106
1777551431576 17.5191 107
1777551431583 17.146 108
1777551431591 16.9996 109
1777551431600 16.8869 110
1777551431608 17.2042 111
1777551431616 16.7823 112
1777551431623 16.9203 113
1777551431632 17.4545 114
1777551431640 16.8452 115
1777551431648 16.5211 116
1777551431656 16.8821 117
1777551431664 16.7786 118
1777551431672 17.1556 119
1777551431679 17.0566 120
1777551431688 17.2571 121
1777551431695 16.5757 122
1777551431704 17.2605 123
1777551431712 17.8022 124
1777551431720 77.3419 125
1777551431727 75.8932 126
1777551431735 75.3184 127
1777551431743 75.4644 128
1777551431751 76.3108 129
1777551431760 16.8421 130
1777551431768 17.3259 131
1777551431776 16.3234 132
1777551431783 16.3613 133
1777551431791 17.1751 134
1777551431799 16.9597 135
1777551431807 16.995 136
1777551431820 16.3154 137
1777551431828 16.7508 138
1777551431836 16.7636 139
1777551431843 17.1737 140
1777551431851 16.767 141
1777551431859 16.7503 142
1777551431867 16.3443 143
1777551431875 17.7393 144
1777551431883 17.2402 145
1777551431891 16.8075 146
1777551431899 16.4427 147
1777551431907 17.0718 148
1777551431915 16.9419 149
1777551431923 17.3025 150
1777551431932 16.6407 151
1777551431940 17.3729 152
1777551431949 16.5672 153
1777551431957 16.8742 154
1777551431965 17.0791 155
1777551431974 16.8714 156
1777551431982 16.4796 157
1777551431989 16.1921 158
1777551431998 16.5457 159
1777551432007 16.5542 160
1777551432015 16.7136 161
1777551432022 16.4018 162
1777551432031 16.4585 163
1777551432039 17.2919 164
1777551432047 16.9163 165
1777551432055 17.2566 166
1777551432063 16.4388 167
1777551432072 16.5856 168
1777551432080 17.1279 169
1777551432088 17.3556 170
1777551432096 16.6641 171
1777551432104 16.0164 172
1777551432112 16.0724 173
1777551432120 16.9047 174
1777551432128 17.1822 175
1777551432137 17.0529 176
1777551432144 16.764 177
1777551432153 16.4348 178
1777551432161 17.3007 179
1777551432169 16.7893 180
1777551432177 16.9641 181
1777551432185 17.0085 182
1777551432193 16.6805 183
1777551432202 16.6901 184
1777551432210 16.4796 185
1777551432218 17.1691 186
1777551432226 16.714 187
1777551432234 16.2827 188
1777551432242 16.8205 189
1777551432250 17.253 190
1777551432258 16.7352 191
1777551432266 16.3602 192
1777551432274 16.4919 193
1777551432282 17.6559 194
1777551432290 16.3003 195
1777551432298 16.7609 196
1777551432306 16.7653 197
1777551432314 16.4962 198
1777551432322 17.2654 199
1777551432330 17.2431 200
1777551432338 17.1971 201
1777551432346 16.7025 202
1777551432354 17.2095 203
1777551432362 17.4234 204
1777551432370 17.2645 205
1777551432378 17.1764 206
1777551432386 16.4285 207
1777551432395 16.6341 208
1777551432403 17.2888 209
1777551432411 16.813 210
1777551432419 16.9019 211
1777551432427 16.3503 212
1777551432435 16.7389 213
1777551432443 16.7557 214
1777551432451 17.1529 215
1777551432459 17.3227 216
1777551432467 16.9048 217
1777551432475 16.8087 218
1777551432483 16.8332 219
1777551432491 17.0003 220
1777551432499 16.6137 221
1777551432507 16.8288 222
1777551432515 16.6167 223
1777551432523 16.457 224
1777551432531 16.9545 225
1777551432539 17.3331 226
1777551432547 16.7045 227
1777551432555 16.6512 228
1777551432563 16.9457 229
1777551432571 17.0592 230
1777551432579 16.9478 231
1777551432587 16.2102 232
1777551432595 16.6423 233
1777551432603 16.982 234
1777551432611 17.1765 235
1777551432618 17.1689 236
1777551432683 16.4167 237
1777551432691 16.1761 238
1777551432699 17.0864 239
1777551432707 17.3141 240
1777551432715 16.3561 241
1777551432723 16.6307 242
1777551432731 16.219 243
1777551432738 17.7997 244
1777551432746 77.2477 245
1777551432754 77.2233 246
1777551432762 75.1295 247
1777551432770 75.5191 248
1777551432778 76.4952 249
