1777551450614 0.0 1
1777551450617 0.0 2
1777551450620 0.0 3
1777551450623 0.0 4
1777551450625 0.0 5
1777551450628 0.0 6
1777551450631 0.0 7
1777551450633 0.0 8
1777551450637 0.0 9
1777551450640 0.0 10
1777551450643 0.0 11
1777551450646 0.0 12
1777551450649 0.0 13
1777551450652 0.0 14
1777551450655 0.0 15
1777551450657 0.0 16
1777551450660 0.0 17
1777551450664 0.0 18
1777551450666 0.0 19
1777551450669 0.0 20
1777551450672 0.0 21
1777551450675 0.0 22
1777551450678 0.0 23
1777551450681 0.0 24
1777551450684 0.0 25
1777551450687 0.0 26
1777551450689 0.0 27
1777551450692 0.0 28
1777551450695 0.0 29
1777551450698 0.0 30
1777551450701 0.0 31
1777551450704 0.0 32
1777551450707 0.0 33
1777551450710 0.0 34
1777551450713 0.0 35
1777551450716 0.0 36
1777551450719 0.0 37
1777551450722 0.0 38
1777551450724 0.0 39
1777551450732 0.0 40
1777551450735 0.0 41
1777551450738 0.0 42
1777551450741 0.0 43
1777551450744 0.0 44
1777551450747 0.0 45
1777551450750 0.0 46
1777551450753 0.0 47
1777551450755 0.0 48
1777551450758 0.0 49
1777551450761 0.0 50
