1777551420914 0.261819 0
1777551420923 0.357712 1
1777551420932 0.401843 2
1777551420940 0.426022 3
1777551420948 0.442348 4
1777551420956 0.457252 5
1777551420964 0.472756 6
1777551420972 0.488682 7
1777551420980 0.499159 8
1777551420987 0.509235 9
1777551420996 0.523177 10
1777551421004 0.533794 11
1777551421012 0.541607 12
1777551421020 0.555108 13
1777551421029 0.563021 14
1777551421037 0.567889 15
1777551421046 0.582432 16
1777551421054 0.590365 17
1777551421063 0.596094 18
1777551421071 0.602043 19
1777551421079 0.612119 20
1777551421088 0.616286 21
1777551421096 0.624679 22
1777551421104 0.630088 23
1777551421113 0.636999 24
1777551421122 0.64401 25
1777551421130 0.646915 26
1777551421138 0.65629 27
1777551421146 0.659956 28
1777551421155 0.661298 29
1777551421164 0.66889 30
1777551421172 0.673618 31
1777551421180 0.678726 32
1777551421188 0.685737 33
1777551421196 0.687139 34
1777551421204 0.690885 35
1777551421212 0.696735 36
1777551421220 0.702264 37
1777551421232 0.701663 38
1777551421241 0.702945 39
1777551421249 0.709335 40
1777551421257 0.710837 41
1777551421265 0.715705 42
1777551421273 0.719131 43
1777551421280 0.722636 44
1777551421289 0.7247 45
1777551421297 0.726362 46
1777551421305 0.729627 47
1777551421313 0.732772 48
1777551421321 0.734135 49
