1777551420918 1.0 0
1777551420927 1.0 1
1777551420935 1.0 2
1777551420943 1.0 3
1777551420951 1.0 4
1777551420959 1.0 5
1777551420967 1.0 6
1777551420975 1.0 7
1777551420983 1.0 8
1777551420991 1.0 9
1777551421000 1.0 10
1777551421008 1.0 11
1777551421016 1.0 12
1777551421024 1.0 13
1777551421033 1.0 14
1777551421041 1.0 15
1777551421050 1.0 16
1777551421058 1.0 17
1777551421066 1.0 18
1777551421074 1.0 19
1777551421083 1.0 20
1777551421091 1.0 21
1777551421100 1.0 22
1777551421108 1.0 23
1777551421117 1.0 24
1777551421125 1.0 25
1777551421134 1.0 26
1777551421142 1.0 27
1777551421150 1.0 28
1777551421159 1.0 29
1777551421167 1.0 30
1777551421175 1.0 31
1777551421183 1.0 32
1777551421191 1.0 33
1777551421200 1.0 34
1777551421207 1.0 35
1777551421216 1.0 36
1777551421224 1.0 37
1777551421237 1.0 38
1777551421245 1.0 39
1777551421252 1.0 40
1777551421261 1.0 41
1777551421268 1.0 42
1777551421276 1.0 43
1777551421284 1.0 44
1777551421293 1.0 45
1777551421301 1.0 46
1777551421309 1.0 47
1777551421316 1.0 48
1777551421324 1.0 49
