1777551420922 6865.0 0
1777551420931 6865.0 1
1777551420939 6865.0 2
1777551420947 6865.0 3
1777551420954 6865.0 4
1777551420963 6865.0 5
1777551420971 6865.0 6
1777551420979 6865.0 7
1777551420987 6865.0 8
1777551420995 6865.0 9
1777551421003 6865.0 10
1777551421011 6865.0 11
1777551421020 6865.0 12
1777551421028 6865.0 13
1777551421037 6865.0 14
1777551421045 6865.0 15
1777551421053 6865.0 16
1777551421062 6865.0 17
1777551421070 6865.0 18
1777551421078 6865.0 19
1777551421086 6865.0 20
1777551421095 6865.0 21
1777551421104 6865.0 22
1777551421111 6865.0 23
1777551421121 6865.0 24
1777551421129 6865.0 25
1777551421137 6865.0 26
1777551421146 6865.0 27
1777551421154 6865.0 28
1777551421163 6865.0 29
1777551421171 6865.0 30
1777551421178 6865.0 31
1777551421186 6865.0 32
1777551421196 6865.0 33
1777551421204 6865.0 34
1777551421211 6865.0 35
1777551421219 6865.0 36
1777551421232 6865.0 37
1777551421240 6865.0 38
1777551421248 6865.0 39
1777551421256 6865.0 40
1777551421264 6865.0 41
1777551421272 6865.0 42
1777551421280 6865.0 43
1777551421288 6865.0 44
1777551421296 6865.0 45
1777551421304 6865.0 46
1777551421312 6865.0 47
1777551421320 6865.0 48
1777551421328 6865.0 49
