1777551420915 1.98221 0
1777551420924 1.73538 1
1777551420932 1.62162 2
1777551420940 1.56038 3
1777551420948 1.51632 4
1777551420956 1.47564 5
1777551420965 1.43665 6
1777551420973 1.40355 7
1777551420981 1.37429 8
1777551420989 1.34432 9
1777551420997 1.31626 10
1777551421005 1.2932 11
1777551421013 1.26501 12
1777551421022 1.23443 13
1777551421030 1.21156 14
1777551421038 1.1972 15
1777551421047 1.16405 16
1777551421055 1.14653 17
1777551421064 1.12466 18
1777551421072 1.10882 19
1777551421080 1.08613 20
1777551421089 1.06801 21
1777551421097 1.05073 22
1777551421105 1.03481 23
1777551421114 1.01477 24
1777551421123 0.99722 25
1777551421131 0.985475 26
1777551421139 0.965095 27
1777551421148 0.952494 28
1777551421156 0.948193 29
1777551421165 0.926739 30
1777551421172 0.915791 31
1777551421181 0.904116 32
1777551421189 0.889221 33
1777551421197 0.879941 34
1777551421205 0.865777 35
1777551421213 0.856859 36
1777551421221 0.845882 37
1777551421234 0.837961 38
1777551421242 0.829519 39
1777551421250 0.817589 40
1777551421258 0.809429 41
1777551421266 0.80006 42
1777551421273 0.789198 43
1777551421282 0.780724 44
1777551421290 0.775863 45
1777551421298 0.770438 46
1777551421306 0.762126 47
1777551421314 0.755229 48
1777551421322 0.750616 49
