1777551420920 1.75968 0
1777551420929 1.58688 1
1777551420937 1.61924 2
1777551420945 1.55544 3
1777551420952 1.56008 4
1777551420961 1.56939 5
1777551420969 1.57112 6
1777551420977 1.57935 7
1777551420985 1.56711 8
1777551420993 1.56947 9
1777551421001 1.58376 10
1777551421010 1.5534 11
1777551421018 1.56332 12
1777551421026 1.7214 13
1777551421035 1.57705 14
1777551421043 1.5812 15
1777551421051 1.57703 16
1777551421060 1.54533 17
1777551421068 1.56092 18
1777551421076 1.5643 19
1777551421084 1.5716 20
1777551421093 1.58269 21
1777551421102 1.61956 22
1777551421110 1.55219 23
1777551421119 1.56137 24
1777551421127 1.68864 25
1777551421136 1.6284 26
1777551421144 1.57612 27
1777551421152 1.58235 28
1777551421161 1.5912 29
1777551421169 1.57987 30
1777551421177 1.57007 31
1777551421185 1.5744 32
1777551421194 1.58761 33
1777551421202 1.56044 34
1777551421210 1.58055 35
1777551421217 1.59854 36
1777551421225 1.56192 37
1777551421238 1.565 38
1777551421246 1.54967 39
1777551421254 1.54674 40
1777551421262 1.69188 41
1777551421270 1.62613 42
1777551421278 1.58717 43
1777551421287 1.60988 44
1777551421294 1.55569 45
1777551421302 1.56685 46
1777551421310 1.57491 47
1777551421318 1.56195 48
1777551421326 1.68425 49
