1777551420919 3.85185 0
1777551420928 2.19336 1
1777551420936 2.15102 2
1777551420944 2.11944 3
1777551420952 2.22336 4
1777551420960 2.28663 5
1777551420968 2.34227 6
1777551420976 2.22067 7
1777551420984 2.16918 8
1777551420992 2.2949 9
1777551421000 2.24416 10
1777551421008 2.32392 11
1777551421017 2.30506 12
1777551421025 2.47464 13
1777551421034 2.3183 14
1777551421042 2.25867 15
1777551421050 2.26076 16
1777551421059 2.30184 17
1777551421067 2.30254 18
1777551421075 2.32473 19
1777551421084 2.28272 20
1777551421092 2.24221 21
1777551421101 2.17363 22
1777551421109 2.15188 23
1777551421118 2.14502 24
1777551421126 3.83626 25
1777551421135 2.28153 26
1777551421143 2.21044 27
1777551421151 2.12754 28
1777551421160 2.24481 29
1777551421168 2.24753 30
1777551421176 2.17534 31
1777551421184 2.25815 32
1777551421193 2.29286 33
1777551421201 2.10314 34
1777551421209 2.1816 35
1777551421217 2.16076 36
1777551421225 2.15362 37
1777551421238 2.20396 38
1777551421246 2.19507 39
1777551421253 2.21293 40
1777551421261 2.52294 41
1777551421269 2.14446 42
1777551421277 2.21632 43
1777551421286 2.07285 44
1777551421294 2.22527 45
1777551421302 2.30798 46
1777551421309 2.15843 47
1777551421317 2.04361 48
1777551421325 3.80962 49
