1777551420921 750.217 0
1777551420930 40.063 1
1777551420938 38.804 2
1777551420946 38.6474 3
1777551420954 38.5294 4
1777551420962 39.7182 5
1777551420970 38.7468 6
1777551420978 40.2049 7
1777551420986 39.2648 8
1777551420994 37.0511 9
1777551421002 38.5847 10
1777551421010 39.0085 11
1777551421018 40.0974 12
1777551421027 39.7192 13
1777551421036 39.2317 14
1777551421044 39.5496 15
1777551421052 39.9988 16
1777551421061 38.2809 17
1777551421069 38.6974 18
1777551421077 38.7373 19
1777551421086 39.4068 20
1777551421094 37.8412 21
1777551421103 38.6702 22
1777551421111 39.3253 23
1777551421119 38.713 24
1777551421128 749.943 25
1777551421137 38.0486 26
1777551421145 39.6574 27
1777551421153 38.6124 28
1777551421162 40.4339 29
1777551421170 39.6583 30
1777551421178 38.319 31
1777551421186 38.9425 32
1777551421195 39.2423 33
1777551421202 39.5287 34
1777551421211 39.7431 35
1777551421218 39.7029 36
1777551421226 39.4555 37
1777551421239 39.9845 38
1777551421247 38.5978 39
1777551421255 39.1867 40
1777551421263 39.6259 41
1777551421271 39.6045 42
1777551421279 39.4373 43
1777551421287 39.0222 44
1777551421295 38.2956 45
1777551421303 39.2664 46
1777551421311 39.1127 47
1777551421319 38.9245 48
1777551421327 747.088 49
