1777551435962 0.0 1
1777551435965 0.0 2
1777551435967 0.0 3
1777551435970 0.0 4
1777551435973 0.0 5
1777551435975 0.0 6
1777551435977 0.0 7
1777551435980 0.0 8
1777551435983 0.0 9
1777551435985 0.0 10
1777551435988 0.0 11
1777551435994 0.0 12
1777551435996 0.0 13
1777551435999 0.0 14
1777551436002 0.0 15
1777551436004 0.0 16
1777551436007 0.0 17
1777551436009 0.0 18
1777551436012 0.0 19
1777551436021 0.0 20
1777551436024 0.0 21
1777551436027 0.0 22
1777551436029 0.0 23
1777551436032 0.0 24
1777551436035 0.0 25
1777551436037 0.0 26
1777551436040 0.0 27
1777551436043 0.0 28
1777551436045 0.0 29
1777551436062 0.0 30
1777551436064 0.0 31
1777551436067 0.0 32
1777551436070 0.0 33
1777551436089 0.0 34
1777551436091 0.0 35
1777551436094 0.0 36
1777551436097 0.0 37
1777551436099 0.0 38
1777551436102 0.0 39
1777551436105 0.0 40
1777551436108 0.0 41
1777551436110 0.0 42
1777551436114 0.0 43
1777551436116 0.0 44
1777551436119 0.0 45
1777551436121 0.0 46
1777551436124 0.0 47
1777551436127 0.0 48
1777551436129 0.0 49
1777551436132 0.0 50
