1777551439173 0.0 1
1777551439176 0.0 2
1777551439179 0.0 3
1777551439182 0.0 4
1777551439185 0.0 5
1777551439188 0.0 6
1777551439191 0.0 7
1777551439194 0.0 8
1777551439197 0.0 9
1777551439200 0.0 10
1777551439203 0.0 11
1777551439206 0.0 12
1777551439209 0.0 13
1777551439212 0.0 14
1777551439215 0.0 15
1777551439218 0.0 16
1777551439221 0.0 17
1777551439224 0.0 18
1777551439227 0.0 19
1777551439230 0.0 20
1777551439233 0.0 21
1777551439236 0.0 22
1777551439239 0.0 23
1777551439242 0.0 24
1777551439245 0.0 25
1777551439248 0.0 26
1777551439251 0.0 27
1777551439254 0.0 28
1777551439257 0.0 29
1777551439260 0.0 30
1777551439263 0.0 31
1777551439266 0.0 32
1777551439269 0.0 33
1777551439272 0.0 34
1777551439275 0.0 35
1777551439278 0.0 36
1777551439281 0.0 37
1777551439284 0.0 38
1777551439288 0.0 39
1777551439293 0.0 40
1777551439297 0.0 41
1777551439300 0.0 42
1777551439304 0.0 43
1777551439308 0.0 44
1777551439312 0.0 45
1777551439316 0.0 46
1777551439320 0.0 47
1777551439324 0.0 48
1777551439328 0.0 49
1777551439332 0.0 50
