1777551440719 0.0 1
1777551440722 0.0 2
1777551440725 0.0 3
1777551440728 0.0 4
1777551440731 0.0 5
1777551440734 0.0 6
1777551440737 0.0 7
1777551440740 0.0 8
1777551440742 0.0 9
1777551440746 0.0 10
1777551440749 0.0 11
1777551440751 0.0 12
1777551440755 0.0 13
1777551440758 0.0 14
1777551440761 0.0 15
1777551440764 0.0 16
1777551440767 0.0 17
1777551440770 0.0 18
1777551440773 0.0 19
1777551440777 0.0 20
1777551440780 0.0 21
1777551440783 0.0 22
1777551440786 0.0 23
1777551440789 0.0 24
1777551440792 0.0 25
1777551440795 0.0 26
1777551440798 0.0 27
1777551440800 0.0 28
1777551440804 0.0 29
1777551440807 0.0 30
1777551440810 0.0 31
1777551440814 0.0 32
1777551440817 0.0 33
1777551440881 0.0 34
1777551440885 0.0 35
1777551440887 0.0 36
1777551440890 0.0 37
1777551440893 0.0 38
1777551440896 0.0 39
1777551440900 0.0 40
1777551440902 0.0 41
1777551440906 0.0 42
1777551440908 0.0 43
1777551440911 0.0 44
1777551440915 0.0 45
1777551440917 0.0 46
1777551440920 0.0 47
1777551440923 0.0 48
1777551440926 0.0 49
1777551440929 0.0 50
