1777551424427 0.194591 0
1777551424436 0.275901 1
1777551424487 0.319471 2
1777551424495 0.341767 3
1777551424504 0.361599 4
1777551424511 0.374279 5
1777551424519 0.389784 6
1777551424527 0.399639 7
1777551424535 0.411538 8
1777551424543 0.423197 9
1777551424551 0.422416 10
1777551424559 0.432272 11
1777551424567 0.438582 12
1777551424575 0.441226 13
1777551424583 0.447236 14
1777551424591 0.449579 15
1777551424599 0.458774 16
1777551424606 0.466226 17
1777551424614 0.475361 18
1777551424622 0.472957 19
1777551424630 0.482692 20
1777551424638 0.490685 21
1777551424646 0.485216 22
1777551424654 0.495192 23
1777551424662 0.497957 24
1777551424670 0.504327 25
1777551424680 0.502825 26
1777551424707 0.516406 27
1777551424715 0.510938 28
1777551424723 0.514784 29
1777551424737 0.527404 30
1777551424745 0.520974 31
1777551424753 0.531611 32
1777551424761 0.540505 33
1777551424769 0.539243 34
1777551424776 0.541106 35
1777551424785 0.551743 36
1777551424792 0.553185 37
1777551424801 0.548017 38
1777551424809 0.56226 39
1777551424817 0.556911 40
1777551424825 0.566587 41
1777551424834 0.571214 42
1777551424842 0.572055 43
1777551424850 0.574639 44
1777551424858 0.587019 45
1777551424866 0.57488 46
1777551424874 0.58125 47
1777551424883 0.591587 48
1777551424891 0.583413 49
1777551424899 0.590445 50
1777551424907 0.596094 51
1777551424915 0.591406 52
1777551424924 0.596514 53
1777551424932 0.602644 54
1777551424940 0.597296 55
1777551424948 0.601683 56
1777551424958 0.617728 57
1777551424966 0.601623 58
1777551424975 0.607752 59
1777551424983 0.614724 60
1777551424991 0.61226 61
1777551424999 0.614363 62
1777551425007 0.625421 63
1777551425016 0.61256 64
1777551425024 0.621274 65
1777551425032 0.631971 66
1777551425040 0.621394 67
1777551425048 0.633774 68
1777551425056 0.63744 69
1777551425064 0.628966 70
1777551425072 0.639904 71
1777551425080 0.64369 72
1777551425089 0.633293 73
1777551425097 0.63756 74
1777551425105 0.645733 75
1777551425113 0.641887 76
1777551425121 0.643389 77
1777551425129 0.660937 78
1777551425138 0.642007 79
1777551425146 0.647055 80
1777551425154 0.656671 81
1777551425162 0.648257 82
1777551425170 0.654988 83
1777551425178 0.663401 84
1777551425186 0.655048 85
1777551425194 0.657752 86
1777551425201 0.666587 87
1777551425210 0.660397 88
1777551425218 0.663702 89
1777551425226 0.672175 90
1777551425234 0.659075 91
1777551425243 0.66881 92
1777551425251 0.677885 93
1777551425258 0.665745 94
1777551425266 0.672596 95
1777551425274 0.68095 96
1777551425282 0.676803 97
1777551425290 0.675601 98
1777551425298 0.686839 99
1777551425307 0.676683 100
1777551425315 0.679688 101
1777551425323 0.686358 102
1777551425331 0.672115 103
1777551425339 0.686238 104
1777551425347 0.693269 105
1777551425354 0.681971 106
1777551425362 0.684014 107
1777551425370 0.698498 108
1777551425378 0.689123 109
1777551425386 0.692007 110
1777551425394 0.697716 111
1777551425402 0.692428 112
1777551425410 0.694111 113
1777551425418 0.704627 114
1777551425426 0.693089 115
1777551425434 0.700721 116
1777551425442 0.707572 117
1777551425450 0.698678 118
1777551425457 0.704387 119
1777551425465 0.707572 120
1777551425474 0.700841 121
1777551425481 0.708233 122
1777551425489 0.714002 123
1777551425498 0.704748 124
1777551425505 0.708173 125
1777551425513 0.720974 126
1777551425521 0.711839 127
1777551425529 0.710817 128
1777551425537 0.72506 129
1777551425545 0.710577 130
1777551425553 0.715745 131
1777551425561 0.724279 132
1777551425570 0.714904 133
1777551425578 0.715745 134
1777551425586 0.728125 135
1777551425594 0.717668 136
1777551425602 0.71851 137
1777551425610 0.728365 138
1777551425618 0.719651 139
1777551425626 0.724459 140
1777551425634 0.73095 141
1777551425642 0.719171 142
1777551425650 0.72524 143
1777551425658 0.740505 144
1777551425666 0.724639 145
1777551425674 0.73113 146
1777551425682 0.737981 147
1777551425690 0.726683 148
1777551425698 0.732752 149
