1777551424431 1.0 0
1777551424439 1.0 1
1777551424491 1.0 2
1777551424498 1.0 3
1777551424507 1.0 4
1777551424515 1.0 5
1777551424522 1.0 6
1777551424531 1.0 7
1777551424539 1.0 8
1777551424547 1.0 9
1777551424555 1.0 10
1777551424562 1.0 11
1777551424570 1.0 12
1777551424578 1.0 13
1777551424586 1.0 14
1777551424594 1.0 15
1777551424602 1.0 16
1777551424610 1.0 17
1777551424618 1.0 18
1777551424625 1.0 19
1777551424634 1.0 20
1777551424642 1.0 21
1777551424650 1.0 22
1777551424658 1.0 23
1777551424666 1.0 24
1777551424674 1.0 25
1777551424683 1.0 26
1777551424710 1.0 27
1777551424718 1.0 28
1777551424731 1.0 29
1777551424741 1.0 30
1777551424749 1.0 31
1777551424757 1.0 32
1777551424764 1.0 33
1777551424772 1.0 34
1777551424780 1.0 35
1777551424789 1.0 36
1777551424796 1.0 37
1777551424805 1.0 38
1777551424813 1.0 39
1777551424820 1.0 40
1777551424828 1.0 41
1777551424837 1.0 42
1777551424846 1.0 43
1777551424854 1.0 44
1777551424862 1.0 45
1777551424870 1.0 46
1777551424878 1.0 47
1777551424886 1.0 48
1777551424894 1.0 49
1777551424902 1.0 50
1777551424911 1.0 51
1777551424919 1.0 52
1777551424927 1.0 53
1777551424936 1.0 54
1777551424944 1.0 55
1777551424952 1.0 56
1777551424962 1.0 57
1777551424970 1.0 58
1777551424978 1.0 59
1777551424987 1.0 60
1777551424995 1.0 61
1777551425003 1.0 62
1777551425011 1.0 63
1777551425019 1.0 64
1777551425027 1.0 65
1777551425035 1.0 66
1777551425043 1.0 67
1777551425052 1.0 68
1777551425060 1.0 69
1777551425068 1.0 70
1777551425076 1.0 71
1777551425084 1.0 72
1777551425093 1.0 73
1777551425101 1.0 74
1777551425109 1.0 75
1777551425117 1.0 76
1777551425125 1.0 77
1777551425133 1.0 78
1777551425141 1.0 79
1777551425149 1.0 80
1777551425157 1.0 81
1777551425166 1.0 82
1777551425173 1.0 83
1777551425181 1.0 84
1777551425190 1.0 85
1777551425197 1.0 86
1777551425205 1.0 87
1777551425214 1.0 88
1777551425221 1.0 89
1777551425230 1.0 90
1777551425238 1.0 91
1777551425246 1.0 92
1777551425254 1.0 93
1777551425261 1.0 94
1777551425270 1.0 95
1777551425278 1.0 96
1777551425286 1.0 97
1777551425294 1.0 98
1777551425302 1.0 99
1777551425310 1.0 100
1777551425318 1.0 101
1777551425326 1.0 102
1777551425335 1.0 103
1777551425343 1.0 104
1777551425350 1.0 105
1777551425358 1.0 106
1777551425366 1.0 107
1777551425374 1.0 108
1777551425382 1.0 109
1777551425390 1.0 110
1777551425398 1.0 111
1777551425406 1.0 112
1777551425414 1.0 113
1777551425422 1.0 114
1777551425430 1.0 115
1777551425437 1.0 116
1777551425445 1.0 117
1777551425453 1.0 118
1777551425461 1.0 119
1777551425469 1.0 120
1777551425477 1.0 121
1777551425485 1.0 122
1777551425493 1.0 123
1777551425501 1.0 124
1777551425509 1.0 125
1777551425517 1.0 126
1777551425525 1.0 127
1777551425532 1.0 128
1777551425540 1.0 129
1777551425549 1.0 130
1777551425557 1.0 131
1777551425565 1.0 132
1777551425574 1.0 133
1777551425582 1.0 134
1777551425590 1.0 135
1777551425598 1.0 136
1777551425606 1.0 137
1777551425614 1.0 138
1777551425621 1.0 139
1777551425630 1.0 140
1777551425638 1.0 141
1777551425646 1.0 142
1777551425654 1.0 143
1777551425662 1.0 144
1777551425670 1.0 145
1777551425678 1.0 146
1777551425686 1.0 147
1777551425694 1.0 148
1777551425702 1.0 149
