1777551424435 2705.0 0
1777551424486 2705.0 1
1777551424494 2705.0 2
1777551424503 2705.0 3
1777551424511 2705.0 4
1777551424518 2705.0 5
1777551424526 2705.0 6
1777551424534 2705.0 7
1777551424542 2705.0 8
1777551424550 2705.0 9
1777551424558 2705.0 10
1777551424565 2705.0 11
1777551424574 2705.0 12
1777551424582 2705.0 13
1777551424590 2705.0 14
1777551424597 2705.0 15
1777551424606 2705.0 16
1777551424614 2705.0 17
1777551424621 2705.0 18
1777551424629 2705.0 19
1777551424637 2705.0 20
1777551424645 2705.0 21
1777551424653 2705.0 22
1777551424661 2705.0 23
1777551424669 2705.0 24
1777551424679 2705.0 25
1777551424706 2705.0 26
1777551424714 2705.0 27
1777551424722 2705.0 28
1777551424736 2705.0 29
1777551424744 2705.0 30
1777551424752 2705.0 31
1777551424760 2705.0 32
1777551424768 2705.0 33
1777551424776 2705.0 34
1777551424784 2705.0 35
1777551424792 2705.0 36
1777551424800 2705.0 37
1777551424808 2705.0 38
1777551424816 2705.0 39
1777551424824 2705.0 40
1777551424833 2705.0 41
1777551424841 2705.0 42
1777551424849 2705.0 43
1777551424857 2705.0 44
1777551424865 2705.0 45
1777551424874 2705.0 46
1777551424882 2705.0 47
1777551424890 2705.0 48
1777551424898 2705.0 49
1777551424906 2705.0 50
1777551424914 2705.0 51
1777551424923 2705.0 52
1777551424931 2705.0 53
1777551424939 2705.0 54
1777551424948 2705.0 55
1777551424957 2705.0 56
1777551424965 2705.0 57
1777551424974 2705.0 58
1777551424982 2705.0 59
1777551424990 2705.0 60
1777551424998 2705.0 61
1777551425007 2705.0 62
1777551425015 2705.0 63
1777551425023 2705.0 64
1777551425031 2705.0 65
1777551425039 2705.0 66
1777551425047 2705.0 67
1777551425055 2705.0 68
1777551425063 2705.0 69
1777551425071 2705.0 70
1777551425079 2705.0 71
1777551425087 2705.0 72
1777551425096 2705.0 73
1777551425104 2705.0 74
1777551425113 2705.0 75
1777551425120 2705.0 76
1777551425128 2705.0 77
1777551425137 2705.0 78
1777551425145 2705.0 79
1777551425153 2705.0 80
1777551425161 2705.0 81
1777551425169 2705.0 82
1777551425177 2705.0 83
1777551425185 2705.0 84
1777551425193 2705.0 85
1777551425201 2705.0 86
1777551425209 2705.0 87
1777551425217 2705.0 88
1777551425225 2705.0 89
1777551425234 2705.0 90
1777551425241 2705.0 91
1777551425250 2705.0 92
1777551425257 2705.0 93
1777551425265 2705.0 94
1777551425273 2705.0 95
1777551425281 2705.0 96
1777551425289 2705.0 97
1777551425298 2705.0 98
1777551425306 2705.0 99
1777551425314 2705.0 100
1777551425322 2705.0 101
1777551425329 2705.0 102
1777551425338 2705.0 103
1777551425346 2705.0 104
1777551425354 2705.0 105
1777551425361 2705.0 106
1777551425369 2705.0 107
1777551425377 2705.0 108
1777551425385 2705.0 109
1777551425393 2705.0 110
1777551425401 2705.0 111
1777551425409 2705.0 112
1777551425417 2705.0 113
1777551425425 2705.0 114
1777551425433 2705.0 115
1777551425440 2705.0 116
1777551425449 2705.0 117
1777551425457 2705.0 118
1777551425465 2705.0 119
1777551425472 2705.0 120
1777551425480 2705.0 121
1777551425488 2705.0 122
1777551425497 2705.0 123
1777551425505 2705.0 124
1777551425512 2705.0 125
1777551425520 2705.0 126
1777551425528 2705.0 127
1777551425536 2705.0 128
1777551425543 2705.0 129
1777551425552 2705.0 130
1777551425561 2705.0 131
1777551425569 2705.0 132
1777551425577 2705.0 133
1777551425586 2705.0 134
1777551425593 2705.0 135
1777551425601 2705.0 136
1777551425609 2705.0 137
1777551425617 2705.0 138
1777551425625 2705.0 139
1777551425633 2705.0 140
1777551425641 2705.0 141
1777551425649 2705.0 142
1777551425657 2705.0 143
1777551425665 2705.0 144
1777551425673 2705.0 145
1777551425681 2705.0 146
1777551425689 2705.0 147
1777551425697 2705.0 148
1777551425705 2705.0 149
