1777551424428 2.1535 0
1777551424437 1.93901 1
1777551424488 1.82884 2
1777551424496 1.75772 3
1777551424504 1.71348 4
1777551424512 1.67668 5
1777551424520 1.62938 6
1777551424528 1.61858 7
1777551424536 1.59426 8
1777551424544 1.55908 9
1777551424552 1.55537 10
1777551424560 1.5445 11
1777551424568 1.51104 12
1777551424576 1.51483 13
1777551424584 1.49884 14
1777551424592 1.46607 15
1777551424599 1.47445 16
1777551424607 1.45014 17
1777551424615 1.4355 18
1777551424623 1.44241 19
1777551424631 1.4223 20
1777551424639 1.39052 21
1777551424647 1.4091 22
1777551424655 1.38595 23
1777551424663 1.37231 24
1777551424671 1.37465 25
1777551424681 1.36499 26
1777551424707 1.33662 27
1777551424716 1.34423 28
1777551424724 1.3285 29
1777551424738 1.28999 30
1777551424746 1.31383 31
1777551424754 1.29942 32
1777551424762 1.26894 33
1777551424770 1.27449 34
1777551424778 1.27069 35
1777551424786 1.23739 36
1777551424794 1.25035 37
1777551424802 1.23725 38
1777551424810 1.21112 39
1777551424818 1.22557 40
1777551424826 1.20875 41
1777551424835 1.18197 42
1777551424843 1.19851 43
1777551424851 1.18679 44
1777551424859 1.15252 45
1777551424867 1.16697 46
1777551424875 1.16897 47
1777551424883 1.14046 48
1777551424891 1.15371 49
1777551424900 1.13569 50
1777551424908 1.12152 51
1777551424916 1.13779 52
1777551424924 1.12037 53
1777551424933 1.10377 54
1777551424941 1.11501 55
1777551424949 1.09765 56
1777551424959 1.06523 57
1777551424967 1.10896 58
1777551424976 1.09214 59
1777551424984 1.06855 60
1777551424992 1.08857 61
1777551425000 1.06848 62
1777551425008 1.03687 63
1777551425016 1.07335 64
1777551425024 1.05515 65
1777551425033 1.02817 66
1777551425041 1.05604 67
1777551425049 1.03266 68
1777551425057 1.01128 69
1777551425065 1.02965 70
1777551425073 1.01835 71
1777551425081 0.993987 72
1777551425090 1.02345 73
1777551425098 1.01123 74
1777551425106 0.983547 75
1777551425114 1.00198 76
1777551425122 0.999756 77
1777551425130 0.957253 78
1777551425139 0.997318 79
1777551425147 0.981694 80
1777551425155 0.969591 81
1777551425163 0.981803 82
1777551425171 0.96462 83
1777551425179 0.945633 84
1777551425187 0.966241 85
1777551425195 0.956777 86
1777551425203 0.928745 87
1777551425211 0.945539 88
1777551425219 0.941037 89
1777551425227 0.910632 90
1777551425235 0.945642 91
1777551425243 0.926412 92
1777551425251 0.89719 93
1777551425259 0.926542 94
1777551425267 0.918806 95
1777551425276 0.897156 96
1777551425283 0.918582 97
1777551425291 0.904596 98
1777551425299 0.878442 99
1777551425308 0.908156 100
1777551425316 0.896641 101
1777551425323 0.871313 102
1777551425332 0.910862 103
1777551425340 0.882202 104
1777551425348 0.866958 105
1777551425355 0.890288 106
1777551425363 0.887376 107
1777551425371 0.850977 108
1777551425379 0.877309 109
1777551425387 0.863691 110
1777551425395 0.842625 111
1777551425402 0.861149 112
1777551425411 0.851132 113
1777551425419 0.82924 114
1777551425427 0.86222 115
1777551425435 0.847261 116
1777551425443 0.81724 117
1777551425451 0.844988 118
1777551425458 0.834506 119
1777551425466 0.814565 120
1777551425475 0.835641 121
1777551425482 0.821232 122
1777551425490 0.802084 123
1777551425498 0.828306 124
1777551425506 0.81357 125
1777551425514 0.793644 126
1777551425522 0.808085 127
1777551425530 0.818093 128
1777551425538 0.78039 129
1777551425546 0.805169 130
1777551425554 0.799363 131
1777551425563 0.77171 132
1777551425571 0.801157 133
1777551425579 0.80157 134
1777551425587 0.763254 135
1777551425594 0.796808 136
1777551425603 0.781842 137
1777551425611 0.764503 138
1777551425619 0.787056 139
1777551425627 0.772169 140
1777551425635 0.762358 141
1777551425643 0.785608 142
1777551425651 0.766408 143
1777551425659 0.736012 144
1777551425667 0.769385 145
1777551425675 0.752888 146
1777551425683 0.733934 147
1777551425691 0.76629 148
1777551425699 0.753935 149
