1777551424432 1.2405 0
1777551424483 1.21026 1
1777551424492 1.16236 2
1777551424500 0.953347 3
1777551424508 0.869341 4
1777551424516 0.862166 5
1777551424524 0.831308 6
1777551424531 0.885998 7
1777551424540 0.913167 8
1777551424547 0.898433 9
1777551424555 0.923811 10
1777551424563 0.836392 11
1777551424571 0.866057 12
1777551424579 0.839391 13
1777551424587 0.877391 14
1777551424595 0.873752 15
1777551424603 0.847092 16
1777551424611 0.899169 17
1777551424619 0.884307 18
1777551424626 0.831486 19
1777551424635 0.86737 20
1777551424643 0.870224 21
1777551424651 0.882764 22
1777551424659 0.865985 23
1777551424667 0.8641 24
1777551424676 1.2462 25
1777551424684 0.886993 26
1777551424711 0.898135 27
1777551424719 0.839193 28
1777551424733 0.860206 29
1777551424742 0.8941 30
1777551424749 0.822159 31
1777551424757 0.861401 32
1777551424765 0.847255 33
1777551424773 0.84313 34
1777551424781 0.859365 35
1777551424789 0.854303 36
1777551424797 0.85745 37
1777551424806 0.846355 38
1777551424814 0.888721 39
1777551424822 0.857631 40
1777551424829 0.86443 41
1777551424838 0.878265 42
1777551424847 0.919958 43
1777551424855 0.845035 44
1777551424863 0.864912 45
1777551424871 0.894454 46
1777551424879 0.840646 47
1777551424887 0.878714 48
1777551424895 1.28512 49
1777551424903 0.829351 50
1777551424911 0.847429 51
1777551424920 0.889468 52
1777551424928 0.851936 53
1777551424936 0.889474 54
1777551424945 0.8891 55
1777551424954 0.826348 56
1777551424963 0.85788 57
1777551424971 0.850333 58
1777551424979 0.851786 59
1777551424988 0.831701 60
1777551424996 0.857379 61
1777551425004 0.849843 62
1777551425012 0.823098 63
1777551425020 0.863841 64
1777551425028 0.800482 65
1777551425036 0.853808 66
1777551425044 0.860978 67
1777551425053 0.847294 68
1777551425061 0.866494 69
1777551425069 0.903425 70
1777551425077 0.83874 71
1777551425085 0.891147 72
1777551425094 0.904443 73
1777551425102 0.918809 74
1777551425110 1.12468 75
1777551425118 1.11296 76
1777551425126 1.13166 77
1777551425134 0.868545 78
1777551425142 0.883042 79
1777551425150 0.882941 80
1777551425158 0.868446 81
1777551425167 0.86871 82
1777551425174 0.860274 83
1777551425182 0.903847 84
1777551425190 0.822918 85
1777551425198 0.870769 86
1777551425206 0.890583 87
1777551425215 0.854556 88
1777551425223 0.926463 89
1777551425231 0.868177 90
1777551425239 0.853361 91
1777551425247 0.865673 92
1777551425255 0.865171 93
1777551425263 0.861379 94
1777551425271 0.830521 95
1777551425279 0.866506 96
1777551425287 0.873809 97
1777551425295 0.865095 98
1777551425303 0.924168 99
1777551425312 0.86602 100
1777551425319 0.865828 101
1777551425327 0.893346 102
1777551425335 0.902632 103
1777551425343 0.885877 104
1777551425351 0.888685 105
1777551425359 0.851818 106
1777551425367 0.832125 107
1777551425375 0.830142 108
1777551425382 0.854351 109
1777551425391 0.838499 110
1777551425398 0.863579 111
1777551425406 0.84561 112
1777551425415 0.891055 113
1777551425423 0.889044 114
1777551425430 0.861854 115
1777551425438 0.871914 116
1777551425446 0.84485 117
1777551425454 0.862387 118
1777551425462 0.896556 119
1777551425470 0.854737 120
1777551425478 0.820748 121
1777551425486 0.817193 122
1777551425493 0.828163 123
1777551425502 0.891389 124
1777551425510 0.896232 125
1777551425517 0.897318 126
1777551425526 0.856543 127
1777551425533 0.844835 128
1777551425541 0.897266 129
1777551425549 0.834871 130
1777551425558 0.844134 131
1777551425566 0.83694 132
1777551425574 0.882467 133
1777551425583 0.890287 134
1777551425590 0.844148 135
1777551425598 0.806621 136
1777551425606 0.889678 137
1777551425615 0.892068 138
1777551425622 0.8612 139
1777551425630 0.832427 140
1777551425639 0.915885 141
1777551425647 0.885117 142
1777551425655 0.84846 143
1777551425663 0.825783 144
1777551425671 0.939634 145
1777551425679 0.920789 146
1777551425687 1.27989 147
1777551425695 1.21906 148
1777551425703 1.20686 149
