1777551424433 260.11 0
1777551424485 124.326 1
1777551424494 125.793 2
1777551424502 24.66 3
1777551424510 24.2785 4
1777551424517 24.6448 5
1777551424526 23.3005 6
1777551424533 23.0926 7
1777551424541 24.2267 8
1777551424549 23.1031 9
1777551424557 24.025 10
1777551424565 24.0971 11
1777551424573 23.5785 12
1777551424581 24.5499 13
1777551424588 24.47 14
1777551424597 23.5253 15
1777551424605 24.8789 16
1777551424613 23.2414 17
1777551424621 23.5884 18
1777551424628 24.7278 19
1777551424637 23.3131 20
1777551424645 24.3081 21
1777551424652 23.7852 22
1777551424660 24.312 23
1777551424668 23.6077 24
1777551424678 161.453 25
1777551424705 24.6128 26
1777551424713 23.8807 27
1777551424721 23.1295 28
1777551424735 23.3989 29
1777551424743 24.6313 30
1777551424751 23.7988 31
1777551424759 23.5889 32
1777551424767 23.4735 33
1777551424775 24.625 34
1777551424783 23.0419 35
1777551424791 24.2489 36
1777551424799 23.9471 37
1777551424807 24.6233 38
1777551424815 24.5316 39
1777551424824 23.758 40
1777551424832 23.7385 41
1777551424840 24.6037 42
1777551424848 23.4213 43
1777551424856 24.3583 44
1777551424865 24.4868 45
1777551424873 24.3339 46
1777551424881 24.337 47
1777551424889 24.9524 48
1777551424897 161.802 49
1777551424905 23.896 50
1777551424913 23.5735 51
1777551424922 23.446 52
1777551424930 24.0408 53
1777551424938 24.8921 54
1777551424947 23.3056 55
1777551424956 24.1707 56
1777551424964 23.9571 57
1777551424973 23.5276 58
1777551424981 23.3128 59
1777551424989 23.8944 60
1777551424998 24.4388 61
1777551425006 24.2573 62
1777551425014 23.409 63
1777551425022 24.3265 64
1777551425030 23.2224 65
1777551425038 23.4778 66
1777551425046 23.2766 67
1777551425054 23.7253 68
1777551425062 24.9909 69
1777551425070 23.4539 70
1777551425078 24.2399 71
1777551425087 23.4145 72
1777551425095 23.9376 73
1777551425104 23.8055 74
1777551425112 125.74 75
1777551425120 124.887 76
1777551425127 124.424 77
1777551425136 23.5864 78
1777551425144 23.7975 79
1777551425151 24.1675 80
1777551425160 23.3341 81
1777551425168 23.0309 82
1777551425176 23.9475 83
1777551425184 23.7751 84
1777551425192 22.8301 85
1777551425200 22.8342 86
1777551425208 24.6558 87
1777551425216 24.402 88
1777551425225 23.5595 89
1777551425233 23.8187 90
1777551425241 23.8583 91
1777551425249 23.9734 92
1777551425257 24.1509 93
1777551425265 23.7595 94
1777551425272 24.0641 95
1777551425280 23.656 96
1777551425289 23.2669 97
1777551425297 24.2542 98
1777551425305 23.9527 99
1777551425313 24.3155 100
1777551425321 24.7334 101
1777551425329 23.7548 102
1777551425337 24.9737 103
1777551425345 24.4462 104
1777551425353 24.048 105
1777551425360 24.2472 106
1777551425368 23.7536 107
1777551425376 23.9424 108
1777551425384 24.1224 109
1777551425392 23.2813 110
1777551425400 23.9403 111
1777551425408 23.8814 112
1777551425416 23.971 113
1777551425424 24.3465 114
1777551425432 24.165 115
1777551425440 23.8299 116
1777551425448 24.0363 117
1777551425456 24.0257 118
1777551425464 24.3518 119
1777551425472 23.7527 120
1777551425480 23.9508 121
1777551425487 23.6636 122
1777551425496 23.6691 123
1777551425504 23.5469 124
1777551425511 24.2836 125
1777551425519 24.2555 126
1777551425527 24.6738 127
1777551425535 25.0366 128
1777551425543 24.8929 129
1777551425551 23.7272 130
1777551425560 24.1014 131
1777551425568 24.1515 132
1777551425576 24.6496 133
1777551425585 24.0525 134
1777551425592 24.0789 135
1777551425600 23.8114 136
1777551425608 24.0731 137
1777551425616 23.4349 138
1777551425624 24.2895 139
1777551425633 23.8391 140
1777551425640 25.1781 141
1777551425648 24.4531 142
1777551425656 25.4452 143
1777551425664 24.2249 144
1777551425672 24.3335 145
1777551425680 23.8369 146
1777551425688 125.943 147
1777551425696 125.729 148
1777551425704 122.346 149
