1777551424433 0.824754 0
1777551424484 0.859216 1
1777551424493 0.907414 2
1777551424501 0.852553 3
1777551424509 0.835426 4
1777551424517 0.840309 5
1777551424525 0.824176 6
1777551424533 0.821677 7
1777551424540 0.827988 8
1777551424548 0.824269 9
1777551424556 0.83724 10
1777551424564 0.834797 11
1777551424572 0.818531 12
1777551424580 0.883546 13
1777551424588 0.970937 14
1777551424595 0.843197 15
1777551424604 0.825834 16
1777551424612 0.829703 17
1777551424620 0.831171 18
1777551424628 0.83061 19
1777551424636 0.838558 20
1777551424644 0.826143 21
1777551424652 0.835569 22
1777551424659 0.832001 23
1777551424667 0.8164 24
1777551424677 0.846287 25
1777551424685 0.82451 26
1777551424712 0.816856 27
1777551424720 0.818382 28
1777551424734 0.8243 29
1777551424742 0.822031 30
1777551424750 0.813304 31
1777551424758 0.827238 32
1777551424766 0.821242 33
1777551424774 0.816729 34
1777551424782 0.828756 35
1777551424790 0.808062 36
1777551424798 0.832507 37
1777551424806 0.818021 38
1777551424815 0.824981 39
1777551424823 0.816973 40
1777551424831 0.810871 41
1777551424839 0.823872 42
1777551424847 0.82162 43
1777551424856 0.821244 44
1777551424864 0.844178 45
1777551424872 0.922828 46
1777551424879 0.824699 47
1777551424888 0.826394 48
1777551424896 0.846001 49
1777551424904 0.828096 50
1777551424912 0.879279 51
1777551424921 0.836807 52
1777551424929 0.817813 53
1777551424937 0.822811 54
1777551424946 0.817762 55
1777551424955 0.820135 56
1777551424964 0.829558 57
1777551424972 0.825637 58
1777551424980 0.819174 59
1777551424989 0.835066 60
1777551424997 0.826506 61
1777551425005 0.814092 62
1777551425013 0.818809 63
1777551425021 0.824114 64
1777551425029 0.821701 65
1777551425037 0.836201 66
1777551425045 0.809534 67
1777551425053 0.817591 68
1777551425061 0.835366 69
1777551425069 0.81911 70
1777551425077 0.8531 71
1777551425086 0.819573 72
1777551425094 0.826848 73
1777551425103 0.833438 74
1777551425111 0.925465 75
1777551425118 0.863668 76
1777551425127 0.813855 77
1777551425135 0.819047 78
1777551425143 0.822914 79
1777551425150 0.819219 80
1777551425159 0.837571 81
1777551425167 0.834455 82
1777551425175 0.810359 83
1777551425183 0.81793 84
1777551425191 0.8166 85
1777551425199 0.809702 86
1777551425207 0.818541 87
1777551425215 0.814761 88
1777551425224 0.815695 89
1777551425232 0.815034 90
1777551425240 0.82454 91
1777551425248 0.822109 92
1777551425256 0.828958 93
1777551425264 0.83652 94
1777551425271 0.820697 95
1777551425280 0.822146 96
1777551425288 0.822663 97
1777551425296 0.810734 98
1777551425304 0.825089 99
1777551425313 0.821504 100
1777551425320 0.816251 101
1777551425328 0.810159 102
1777551425336 1.00758 103
1777551425344 0.839112 104
1777551425351 0.833963 105
1777551425360 0.86013 106
1777551425368 0.832928 107
1777551425375 0.828179 108
1777551425383 0.818923 109
1777551425391 0.809789 110
1777551425399 0.833072 111
1777551425407 0.820288 112
1777551425416 0.814876 113
1777551425423 0.817561 114
1777551425432 0.830671 115
1777551425439 0.838596 116
1777551425447 0.812191 117
1777551425455 0.823068 118
1777551425463 0.835544 119
1777551425470 0.823864 120
1777551425479 0.846067 121
1777551425487 0.806482 122
1777551425494 0.82223 123
1777551425503 0.83029 124
1777551425511 0.828378 125
1777551425519 0.833102 126
1777551425526 0.816272 127
1777551425534 0.813035 128
1777551425542 0.824887 129
1777551425550 0.828986 130
1777551425559 0.837824 131
1777551425567 0.819635 132
1777551425575 0.822394 133
1777551425584 0.825795 134
1777551425591 0.819417 135
1777551425599 0.834023 136
1777551425607 0.816224 137
1777551425615 0.816008 138
1777551425623 0.828836 139
1777551425631 0.82563 140
1777551425640 0.993344 141
1777551425648 0.891249 142
1777551425655 0.825705 143
1777551425664 0.852168 144
1777551425672 0.821443 145
1777551425680 0.857542 146
1777551425688 0.831623 147
1777551425695 0.836845 148
1777551425704 0.826865 149
