1777551417170 0.0 1
1777551417172 0.0 2
1777551417175 0.0 3
1777551417177 0.0 4
1777551417180 0.0 5
1777551417183 0.0 6
1777551417185 0.0 7
1777551417187 0.0 8
1777551417190 0.0 9
1777551417192 0.0 10
1777551417195 0.0 11
1777551417197 0.0 12
1777551417200 0.0 13
1777551417202 0.0 14
1777551417204 0.0 15
1777551417207 0.0 16
1777551417209 0.0 17
1777551417212 0.0 18
1777551417214 0.0 19
1777551417217 0.0 20
1777551417219 0.0 21
1777551417222 0.0 22
1777551417224 0.0 23
1777551417227 0.0 24
1777551417229 0.0 25
1777551417232 0.0 26
1777551417234 0.0 27
1777551417237 0.0 28
1777551417238 0.0 29
1777551417242 0.0 30
1777551417244 0.0 31
1777551417246 0.0 32
1777551417248 0.0 33
1777551417251 0.0 34
1777551417254 0.0 35
1777551417256 0.0 36
1777551417258 0.0 37
1777551417261 0.0 38
1777551417264 0.0 39
1777551417266 0.0 40
1777551417268 0.0 41
1777551417271 0.0 42
1777551417273 0.0 43
1777551417276 0.0 44
1777551417278 0.0 45
1777551417280 0.0 46
1777551417283 0.0 47
1777551417285 0.0 48
1777551417288 0.0 49
1777551417290 0.0 50
