1777551440421 0.0 1
1777551440424 0.0 2
1777551440428 0.0 3
1777551440430 0.0 4
1777551440433 0.0 5
1777551440436 0.0 6
1777551440439 0.0 7
1777551440442 0.0 8
1777551440445 0.0 9
1777551440448 0.0 10
1777551440451 0.0 11
1777551440454 0.0 12
1777551440457 0.0 13
1777551440460 0.0 14
1777551440463 0.0 15
1777551440466 0.0 16
1777551440470 0.0 17
1777551440473 0.0 18
1777551440476 0.0 19
1777551440479 0.0 20
1777551440482 0.0 21
1777551440485 0.0 22
1777551440488 0.0 23
1777551440491 0.0 24
1777551440494 0.0 25
1777551440497 0.0 26
1777551440500 0.0 27
1777551440503 0.0 28
1777551440506 0.0 29
1777551440509 0.0 30
1777551440512 0.0 31
1777551440515 0.0 32
1777551440518 0.0 33
1777551440521 0.0 34
1777551440524 0.0 35
1777551440527 0.0 36
1777551440529 0.0 37
1777551440533 0.0 38
1777551440535 0.0 39
1777551440539 0.0 40
1777551440542 0.0 41
1777551440545 0.0 42
1777551440548 0.0 43
1777551440551 0.0 44
1777551440554 0.0 45
1777551440557 0.0 46
1777551440560 0.0 47
1777551440565 0.0 48
1777551440569 0.0 49
1777551440572 0.0 50
