1777551439818 0.0 1
1777551439821 0.0 2
1777551439824 0.0 3
1777551439827 0.0 4
1777551439830 0.0 5
1777551439833 0.0 6
1777551439836 0.0 7
1777551439839 0.0 8
1777551439842 0.0 9
1777551439845 0.0 10
1777551439848 0.0 11
1777551439851 0.0 12
1777551439854 0.0 13
1777551439857 0.0 14
1777551439860 0.0 15
1777551439863 0.0 16
1777551439865 0.0 17
1777551439868 0.0 18
1777551439872 0.0 19
1777551439875 0.0 20
1777551439878 0.0 21
1777551439881 0.0 22
1777551439884 0.0 23
1777551439887 0.0 24
1777551439890 0.0 25
1777551439893 0.0 26
1777551439896 0.0 27
1777551439899 0.0 28
1777551439902 0.0 29
1777551439905 0.0 30
1777551439908 0.0 31
1777551439911 0.0 32
1777551439914 0.0 33
1777551439917 0.0 34
1777551439920 0.0 35
1777551439923 0.0 36
1777551439926 0.0 37
1777551439929 0.0 38
1777551439932 0.0 39
1777551439935 0.0 40
1777551439938 0.0 41
1777551439942 0.0 42
1777551439946 0.0 43
1777551439950 0.0 44
1777551439953 0.0 45
1777551439957 0.0 46
1777551439959 0.0 47
1777551439963 0.0 48
1777551439966 0.0 49
1777551439969 0.0 50
