1777551448500 0.0 1
1777551448503 0.0 2
1777551448506 0.0 3
1777551448509 0.0 4
1777551448512 0.0 5
1777551448515 0.0 6
1777551448518 0.0 7
1777551448520 0.0 8
1777551448524 0.0 9
1777551448527 0.0 10
1777551448530 0.0 11
1777551448533 0.0 12
1777551448536 0.0 13
1777551448539 0.0 14
1777551448542 0.0 15
1777551448545 0.0 16
1777551448548 0.0 17
1777551448550 0.0 18
1777551448554 0.0 19
1777551448557 0.0 20
1777551448560 0.0 21
1777551448563 0.0 22
1777551448566 0.0 23
1777551448569 0.0 24
1777551448572 0.0 25
1777551448575 0.0 26
1777551448578 0.0 27
1777551448581 0.0 28
1777551448584 0.0 29
1777551448588 0.0 30
1777551448590 0.0 31
1777551448594 0.0 32
1777551448597 0.0 33
1777551448600 0.0 34
1777551448603 0.0 35
1777551448605 0.0 36
1777551448609 0.0 37
1777551448611 0.0 38
1777551448615 0.0 39
1777551448618 0.0 40
1777551448620 0.0 41
1777551448624 0.0 42
1777551448627 0.0 43
1777551448630 0.0 44
1777551448633 0.0 45
1777551448635 0.0 46
1777551448638 0.0 47
1777551448641 0.0 48
1777551448645 0.0 49
1777551448648 0.0 50
