1777551419530 0.0 1
1777551419533 0.0 2
1777551419535 0.0 3
1777551419538 0.0 4
1777551419540 0.0 5
1777551419542 0.0 6
1777551419545 0.0 7
1777551419548 0.0 8
1777551419551 0.0 9
1777551419553 0.0 10
1777551419556 0.0 11
1777551419558 0.0 12
1777551419560 0.0 13
1777551419563 0.0 14
1777551419565 0.0 15
1777551419568 0.0 16
1777551419570 0.0 17
1777551419573 0.0 18
1777551419575 0.0 19
1777551419578 0.0 20
1777551419581 0.0 21
1777551419583 0.0 22
1777551419586 0.0 23
1777551419588 0.0 24
1777551419591 0.0 25
1777551419593 0.0 26
1777551419596 0.0 27
1777551419598 0.0 28
1777551419601 0.0 29
1777551419603 0.0 30
1777551419606 0.0 31
1777551419608 0.0 32
1777551419611 0.0 33
1777551419613 0.0 34
1777551419616 0.0 35
1777551419619 0.0 36
1777551419621 0.0 37
1777551419624 0.0 38
1777551419626 0.0 39
1777551419629 0.0 40
1777551419631 0.0 41
1777551419634 0.0 42
1777551419636 0.0 43
1777551419639 0.0 44
1777551419641 0.0 45
1777551419644 0.0 46
1777551419646 0.0 47
1777551419649 0.0 48
1777551419652 0.0 49
1777551419654 0.0 50
