1777551428245 0.369237 0
1777551428254 0.37066 1
1777551428266 0.438433 2
1777551428275 0.408175 3
1777551428283 0.472451 4
1777551428291 0.482134 5
1777551428299 0.442564 6
1777551428307 0.501866 7
1777551428315 0.464674 8
1777551428323 0.509971 9
1777551428331 0.523181 10
1777551428340 0.468461 11
1777551428348 0.52577 12
1777551428356 0.490263 13
1777551428364 0.534642 14
1777551428372 0.5479 15
1777551428380 0.48235 16
1777551428388 0.545359 17
1777551428396 0.526721 18
1777551428404 0.548211 19
1777551428412 0.56519 20
1777551428420 0.493634 21
1777551428428 0.558535 22
1777551428436 0.539176 23
1777551428444 0.569696 24
1777551428452 0.578445 25
1777551428460 0.505208 26
1777551428467 0.571945 27
1777551428477 0.554914 28
1777551428486 0.57391 29
1777551428494 0.585617 30
1777551428502 0.51548 31
1777551428510 0.586754 32
1777551428518 0.566123 33
1777551428526 0.585321 34
1777551428636 0.597528 35
1777551428645 0.517795 36
1777551428653 0.590135 37
1777551428661 0.580616 38
1777551428670 0.595395 39
1777551428678 0.611808 40
1777551428686 0.523148 41
1777551428695 0.596082 42
1777551428703 0.588202 43
1777551428711 0.606908 44
1777551428719 0.620005 45
1777551428728 0.529225 46
1777551428736 0.605993 47
1777551428744 0.597826 48
1777551428753 0.614515 49
1777551428761 0.62833 50
1777551428769 0.53805 51
1777551428778 0.614622 52
1777551428786 0.606771 53
1777551428794 0.621916 54
1777551428802 0.638704 55
1777551428811 0.551794 56
1777551428819 0.617304 57
1777551428827 0.612772 58
1777551428835 0.626234 59
1777551428844 0.642546 60
1777551428852 0.549045 61
1777551428860 0.626866 62
1777551428868 0.631907 63
1777551428876 0.634046 64
1777551428885 0.652792 65
1777551428893 0.560041 66
1777551428901 0.637826 67
1777551428909 0.629869 68
1777551428917 0.641859 69
1777551428925 0.656122 70
1777551428934 0.562066 71
1777551428942 0.64459 72
1777551428950 0.637681 73
1777551428959 0.645559 74
1777551428967 0.67021 75
1777551428975 0.567853 76
1777551428983 0.652052 77
1777551428991 0.647079 78
1777551429000 0.661595 79
1777551429008 0.668225 80
1777551429016 0.571181 81
1777551429024 0.656133 82
1777551429032 0.656363 83
1777551429040 0.664679 84
1777551429049 0.678215 85
1777551429057 0.581163 86
1777551429065 0.666045 87
1777551429073 0.659873 88
1777551429081 0.67095 89
1777551429090 0.683722 90
1777551429098 0.58015 91
1777551429105 0.666511 92
1777551429114 0.668705 93
1777551429122 0.673828 94
1777551429130 0.69384 95
1777551429138 0.588542 96
1777551429147 0.673274 97
1777551429155 0.66678 98
1777551429163 0.674034 99
1777551429171 0.693968 100
1777551429180 0.591869 101
1777551429188 0.679688 102
1777551429197 0.678216 103
1777551429205 0.680099 104
1777551429213 0.702421 105
1777551429221 0.597656 106
1777551429230 0.689249 107
1777551429238 0.685575 108
1777551429246 0.686678 109
1777551429254 0.704854 110
1777551429262 0.61169 111
1777551429271 0.691348 112
1777551429279 0.683764 113
1777551429287 0.695415 114
1777551429296 0.709657 115
1777551429304 0.607205 116
1777551429312 0.700443 117
1777551429320 0.690897 118
1777551429327 0.693976 119
1777551429335 0.710553 120
1777551429343 0.610243 121
1777551429352 0.702892 122
1777551429359 0.69067 123
1777551429367 0.698294 124
1777551429376 0.72304 125
1777551429384 0.614149 126
1777551429392 0.709422 127
1777551429399 0.708447 128
1777551429408 0.708265 129
1777551429416 0.729572 130
1777551429424 0.618634 131
1777551429431 0.711404 132
1777551429439 0.706522 133
1777551429447 0.714227 134
1777551429455 0.73002 135
1777551429463 0.627459 136
1777551429471 0.723298 137
1777551429479 0.710258 138
1777551429487 0.7169 139
1777551429495 0.733414 140
1777551429503 0.627894 141
1777551429511 0.726446 142
1777551429519 0.71524 143
1777551429527 0.720806 144
1777551429535 0.741995 145
1777551429543 0.641927 146
1777551429551 0.727495 147
1777551429559 0.719882 148
1777551429567 0.717002 149
1777551429575 0.742188 150
1777551429583 0.63831 151
1777551429591 0.735658 152
1777551429599 0.721241 153
1777551429607 0.722348 154
1777551429615 0.746734 155
1777551429623 0.644531 156
1777551429630 0.73146 157
1777551429639 0.731884 158
1777551429647 0.726871 159
1777551429655 0.754419 160
1777551429663 0.643953 161
1777551429671 0.738106 162
1777551429679 0.734149 163
1777551429687 0.734067 164
1777551429695 0.756532 165
1777551429703 0.646412 166
1777551429711 0.744053 167
1777551429719 0.73245 168
1777551429727 0.738795 169
1777551429735 0.757748 170
1777551429743 0.652922 171
1777551429751 0.749534 172
1777551429758 0.7363 173
1777551429767 0.733964 174
1777551429774 0.761206 175
1777551429782 0.649595 176
1777551429790 0.740438 177
1777551429799 0.744792 178
1777551429807 0.743627 179
1777551429814 0.765561 180
1777551429822 0.665509 181
1777551429830 0.74965 182
1777551429838 0.748415 183
1777551429846 0.745374 184
1777551429854 0.776639 185
1777551429862 0.666811 186
1777551429869 0.75653 187
1777551429878 0.752378 188
1777551429886 0.747533 189
1777551429894 0.771709 190
1777551429970 0.661458 191
1777551429978 0.751516 192
1777551429985 0.747962 193
1777551429993 0.749486 194
1777551430001 0.776831 195
1777551430009 0.663194 196
1777551430017 0.760494 197
1777551430025 0.752491 198
1777551430037 0.75257 199
1777551430045 0.780097 200
1777551430053 0.670428 201
1777551430061 0.766558 202
1777551430069 0.761209 203
1777551430077 0.760794 204
1777551430085 0.778496 205
1777551430093 0.682726 206
1777551430101 0.762243 207
1777551430109 0.754869 208
1777551430117 0.755654 209
1777551430124 0.783683 210
1777551430132 0.677662 211
1777551430140 0.769706 212
1777551430148 0.76404 213
1777551430156 0.75771 214
1777551430164 0.786629 215
1777551430171 0.680845 216
1777551430180 0.774021 217
1777551430188 0.768909 218
1777551430196 0.766139 219
1777551430204 0.789383 220
1777551430213 0.684606 221
1777551430221 0.773554 222
1777551430229 0.773777 223
1777551430237 0.760485 224
1777551430245 0.793097 225
1777551430253 0.687211 226
1777551430261 0.774254 227
1777551430269 0.770833 228
1777551430277 0.77426 229
1777551430285 0.792392 230
1777551430293 0.691985 231
1777551430301 0.780434 232
1777551430309 0.772418 233
1777551430317 0.770456 234
1777551430325 0.798156 235
1777551430333 0.699363 236
1777551430341 0.777402 237
1777551430349 0.776495 238
1777551430358 0.774054 239
1777551430366 0.798796 240
1777551430374 0.691406 241
1777551430382 0.780084 242
1777551430390 0.772079 243
1777551430398 0.773746 244
1777551430406 0.803663 245
1777551430414 0.694878 246
1777551430422 0.783699 247
1777551430430 0.775023 248
1777551430439 0.774568 249
