1777551428253 2577.0 0
1777551428265 1489.0 1
1777551428274 1697.0 2
1777551428282 1729.0 3
1777551428290 1841.0 4
1777551428298 2577.0 5
1777551428306 1489.0 6
1777551428314 1697.0 7
1777551428323 1729.0 8
1777551428331 1841.0 9
1777551428339 2577.0 10
1777551428347 1489.0 11
1777551428355 1697.0 12
1777551428363 1729.0 13
1777551428371 1841.0 14
1777551428379 2577.0 15
1777551428387 1489.0 16
1777551428395 1697.0 17
1777551428403 1729.0 18
1777551428411 1841.0 19
1777551428419 2577.0 20
1777551428427 1489.0 21
1777551428435 1697.0 22
1777551428442 1729.0 23
1777551428451 1841.0 24
1777551428459 2577.0 25
1777551428467 1489.0 26
1777551428476 1697.0 27
1777551428484 1729.0 28
1777551428493 1841.0 29
1777551428501 2577.0 30
1777551428509 1489.0 31
1777551428517 1697.0 32
1777551428525 1729.0 33
1777551428635 1841.0 34
1777551428644 2577.0 35
1777551428652 1489.0 36
1777551428661 1697.0 37
1777551428669 1729.0 38
1777551428677 1841.0 39
1777551428686 2577.0 40
1777551428694 1489.0 41
1777551428702 1697.0 42
1777551428710 1729.0 43
1777551428719 1841.0 44
1777551428727 2577.0 45
1777551428735 1489.0 46
1777551428744 1697.0 47
1777551428752 1729.0 48
1777551428760 1841.0 49
1777551428768 2577.0 50
1777551428777 1489.0 51
1777551428785 1697.0 52
1777551428794 1729.0 53
1777551428802 1841.0 54
1777551428810 2577.0 55
1777551428818 1489.0 56
1777551428826 1697.0 57
1777551428835 1729.0 58
1777551428843 1841.0 59
1777551428851 2577.0 60
1777551428859 1489.0 61
1777551428867 1697.0 62
1777551428875 1729.0 63
1777551428884 1841.0 64
1777551428892 2577.0 65
1777551428900 1489.0 66
1777551428908 1697.0 67
1777551428916 1729.0 68
1777551428924 1841.0 69
1777551428933 2577.0 70
1777551428941 1489.0 71
1777551428949 1697.0 72
1777551428958 1729.0 73
1777551428966 1841.0 74
1777551428974 2577.0 75
1777551428982 1489.0 76
1777551428991 1697.0 77
1777551428999 1729.0 78
1777551429007 1841.0 79
1777551429014 2577.0 80
1777551429023 1489.0 81
1777551429031 1697.0 82
1777551429039 1729.0 83
1777551429048 1841.0 84
1777551429056 2577.0 85
1777551429064 1489.0 86
1777551429072 1697.0 87
1777551429081 1729.0 88
1777551429089 1841.0 89
1777551429097 2577.0 90
1777551429105 1489.0 91
1777551429113 1697.0 92
1777551429121 1729.0 93
1777551429130 1841.0 94
1777551429138 2577.0 95
1777551429145 1489.0 96
1777551429154 1697.0 97
1777551429162 1729.0 98
1777551429170 1841.0 99
1777551429179 2577.0 100
1777551429187 1489.0 101
1777551429196 1697.0 102
1777551429204 1729.0 103
1777551429212 1841.0 104
1777551429220 2577.0 105
1777551429229 1489.0 106
1777551429237 1697.0 107
1777551429245 1729.0 108
1777551429253 1841.0 109
1777551429261 2577.0 110
1777551429270 1489.0 111
1777551429278 1697.0 112
1777551429286 1729.0 113
1777551429295 1841.0 114
1777551429302 2577.0 115
1777551429311 1489.0 116
1777551429319 1697.0 117
1777551429327 1729.0 118
1777551429335 1841.0 119
1777551429342 2577.0 120
1777551429350 1489.0 121
1777551429358 1697.0 122
1777551429366 1729.0 123
1777551429375 1841.0 124
1777551429383 2577.0 125
1777551429391 1489.0 126
1777551429398 1697.0 127
1777551429407 1729.0 128
1777551429415 1841.0 129
1777551429423 2577.0 130
1777551429431 1489.0 131
1777551429439 1697.0 132
1777551429446 1729.0 133
1777551429454 1841.0 134
1777551429462 2577.0 135
1777551429470 1489.0 136
1777551429478 1697.0 137
1777551429486 1729.0 138
1777551429494 1841.0 139
1777551429502 2577.0 140
1777551429510 1489.0 141
1777551429518 1697.0 142
1777551429526 1729.0 143
1777551429534 1841.0 144
1777551429542 2577.0 145
1777551429550 1489.0 146
1777551429558 1697.0 147
1777551429566 1729.0 148
1777551429574 1841.0 149
1777551429582 2577.0 150
1777551429590 1489.0 151
1777551429598 1697.0 152
1777551429606 1729.0 153
1777551429614 1841.0 154
1777551429622 2577.0 155
1777551429630 1489.0 156
1777551429638 1697.0 157
1777551429646 1729.0 158
1777551429654 1841.0 159
1777551429662 2577.0 160
1777551429670 1489.0 161
1777551429678 1697.0 162
1777551429686 1729.0 163
1777551429694 1841.0 164
1777551429702 2577.0 165
1777551429710 1489.0 166
1777551429718 1697.0 167
1777551429726 1729.0 168
1777551429734 1841.0 169
1777551429742 2577.0 170
1777551429750 1489.0 171
1777551429758 1697.0 172
1777551429765 1729.0 173
1777551429774 1841.0 174
1777551429782 2577.0 175
1777551429789 1489.0 176
1777551429798 1697.0 177
1777551429806 1729.0 178
1777551429813 1841.0 179
1777551429821 2577.0 180
1777551429829 1489.0 181
1777551429837 1697.0 182
1777551429845 1729.0 183
1777551429853 1841.0 184
1777551429861 2577.0 185
1777551429868 1489.0 186
1777551429877 1697.0 187
1777551429885 1729.0 188
1777551429893 1841.0 189
1777551429969 2577.0 190
1777551429977 1489.0 191
1777551429985 1697.0 192
1777551429992 1729.0 193
1777551430000 1841.0 194
1777551430008 2577.0 195
1777551430016 1489.0 196
1777551430024 1697.0 197
1777551430036 1729.0 198
1777551430044 1841.0 199
1777551430052 2577.0 200
1777551430060 1489.0 201
1777551430068 1697.0 202
1777551430076 1729.0 203
1777551430084 1841.0 204
1777551430092 2577.0 205
1777551430100 1489.0 206
1777551430108 1697.0 207
1777551430116 1729.0 208
1777551430124 1841.0 209
1777551430131 2577.0 210
1777551430140 1489.0 211
1777551430147 1697.0 212
1777551430155 1729.0 213
1777551430163 1841.0 214
1777551430171 2577.0 215
1777551430179 1489.0 216
1777551430187 1697.0 217
1777551430195 1729.0 218
1777551430204 1841.0 219
1777551430212 2577.0 220
1777551430220 1489.0 221
1777551430228 1697.0 222
1777551430236 1729.0 223
1777551430244 1841.0 224
1777551430252 2577.0 225
1777551430260 1489.0 226
1777551430268 1697.0 227
1777551430275 1729.0 228
1777551430284 1841.0 229
1777551430292 2577.0 230
1777551430300 1489.0 231
1777551430308 1697.0 232
1777551430316 1729.0 233
1777551430324 1841.0 234
1777551430333 2577.0 235
1777551430340 1489.0 236
1777551430349 1697.0 237
1777551430357 1729.0 238
1777551430365 1841.0 239
1777551430373 2577.0 240
1777551430381 1489.0 241
1777551430389 1697.0 242
1777551430397 1729.0 243
1777551430405 1841.0 244
1777551430414 2577.0 245
1777551430422 1489.0 246
1777551430430 1697.0 247
1777551430438 1729.0 248
1777551430446 1841.0 249
