1777551428249 1.0 0
1777551428258 1.0 1
1777551428271 1.0 2
1777551428279 1.0 3
1777551428287 1.0 4
1777551428295 1.0 5
1777551428303 1.0 6
1777551428311 1.0 7
1777551428319 1.0 8
1777551428327 1.0 9
1777551428335 1.0 10
1777551428343 1.0 11
1777551428351 1.0 12
1777551428359 1.0 13
1777551428367 1.0 14
1777551428375 1.0 15
1777551428384 1.0 16
1777551428392 1.0 17
1777551428399 1.0 18
1777551428407 1.0 19
1777551428416 1.0 20
1777551428424 1.0 21
1777551428432 1.0 22
1777551428439 1.0 23
1777551428447 1.0 24
1777551428455 1.0 25
1777551428463 1.0 26
1777551428472 1.0 27
1777551428481 1.0 28
1777551428489 1.0 29
1777551428497 1.0 30
1777551428505 1.0 31
1777551428513 1.0 32
1777551428522 1.0 33
1777551428530 1.0 34
1777551428640 1.0 35
1777551428648 1.0 36
1777551428657 1.0 37
1777551428665 1.0 38
1777551428673 1.0 39
1777551428682 1.0 40
1777551428690 1.0 41
1777551428698 1.0 42
1777551428706 1.0 43
1777551428715 1.0 44
1777551428723 1.0 45
1777551428731 1.0 46
1777551428740 1.0 47
1777551428748 1.0 48
1777551428757 1.0 49
1777551428765 1.0 50
1777551428772 1.0 51
1777551428782 1.0 52
1777551428790 1.0 53
1777551428798 1.0 54
1777551428806 1.0 55
1777551428814 1.0 56
1777551428823 1.0 57
1777551428830 1.0 58
1777551428839 1.0 59
1777551428847 1.0 60
1777551428856 1.0 61
1777551428863 1.0 62
1777551428872 1.0 63
1777551428880 1.0 64
1777551428888 1.0 65
1777551428896 1.0 66
1777551428904 1.0 67
1777551428913 1.0 68
1777551428921 1.0 69
1777551428929 1.0 70
1777551428938 1.0 71
1777551428946 1.0 72
1777551428954 1.0 73
1777551428962 1.0 74
1777551428971 1.0 75
1777551428979 1.0 76
1777551428987 1.0 77
1777551428995 1.0 78
1777551429003 1.0 79
1777551429011 1.0 80
1777551429019 1.0 81
1777551429028 1.0 82
1777551429036 1.0 83
1777551429044 1.0 84
1777551429052 1.0 85
1777551429061 1.0 86
1777551429068 1.0 87
1777551429077 1.0 88
1777551429085 1.0 89
1777551429093 1.0 90
1777551429101 1.0 91
1777551429110 1.0 92
1777551429118 1.0 93
1777551429126 1.0 94
1777551429134 1.0 95
1777551429142 1.0 96
1777551429150 1.0 97
1777551429158 1.0 98
1777551429166 1.0 99
1777551429175 1.0 100
1777551429184 1.0 101
1777551429192 1.0 102
1777551429200 1.0 103
1777551429209 1.0 104
1777551429217 1.0 105
1777551429225 1.0 106
1777551429233 1.0 107
1777551429241 1.0 108
1777551429250 1.0 109
1777551429258 1.0 110
1777551429267 1.0 111
1777551429275 1.0 112
1777551429283 1.0 113
1777551429291 1.0 114
1777551429299 1.0 115
1777551429307 1.0 116
1777551429315 1.0 117
1777551429323 1.0 118
1777551429331 1.0 119
1777551429339 1.0 120
1777551429347 1.0 121
1777551429355 1.0 122
1777551429363 1.0 123
1777551429371 1.0 124
1777551429379 1.0 125
1777551429387 1.0 126
1777551429395 1.0 127
1777551429403 1.0 128
1777551429411 1.0 129
1777551429419 1.0 130
1777551429427 1.0 131
1777551429435 1.0 132
1777551429443 1.0 133
1777551429451 1.0 134
1777551429459 1.0 135
1777551429466 1.0 136
1777551429475 1.0 137
1777551429483 1.0 138
1777551429491 1.0 139
1777551429498 1.0 140
1777551429506 1.0 141
1777551429515 1.0 142
1777551429522 1.0 143
1777551429531 1.0 144
1777551429539 1.0 145
1777551429547 1.0 146
1777551429555 1.0 147
1777551429563 1.0 148
1777551429570 1.0 149
1777551429578 1.0 150
1777551429586 1.0 151
1777551429594 1.0 152
1777551429602 1.0 153
1777551429610 1.0 154
1777551429618 1.0 155
1777551429626 1.0 156
1777551429634 1.0 157
1777551429643 1.0 158
1777551429650 1.0 159
1777551429658 1.0 160
1777551429666 1.0 161
1777551429674 1.0 162
1777551429682 1.0 163
1777551429690 1.0 164
1777551429699 1.0 165
1777551429707 1.0 166
1777551429715 1.0 167
1777551429722 1.0 168
1777551429730 1.0 169
1777551429738 1.0 170
1777551429746 1.0 171
1777551429754 1.0 172
1777551429762 1.0 173
1777551429770 1.0 174
1777551429778 1.0 175
1777551429786 1.0 176
1777551429794 1.0 177
1777551429802 1.0 178
1777551429809 1.0 179
1777551429818 1.0 180
1777551429826 1.0 181
1777551429834 1.0 182
1777551429842 1.0 183
1777551429850 1.0 184
1777551429857 1.0 185
1777551429865 1.0 186
1777551429874 1.0 187
1777551429881 1.0 188
1777551429889 1.0 189
1777551429897 1.0 190
1777551429973 1.0 191
1777551429981 1.0 192
1777551429989 1.0 193
1777551429997 1.0 194
1777551430005 1.0 195
1777551430013 1.0 196
1777551430021 1.0 197
1777551430028 1.0 198
1777551430041 1.0 199
1777551430049 1.0 200
1777551430056 1.0 201
1777551430065 1.0 202
1777551430073 1.0 203
1777551430080 1.0 204
1777551430089 1.0 205
1777551430097 1.0 206
1777551430104 1.0 207
1777551430112 1.0 208
1777551430120 1.0 209
1777551430128 1.0 210
1777551430136 1.0 211
1777551430144 1.0 212
1777551430152 1.0 213
1777551430160 1.0 214
1777551430168 1.0 215
1777551430175 1.0 216
1777551430184 1.0 217
1777551430192 1.0 218
1777551430200 1.0 219
1777551430208 1.0 220
1777551430216 1.0 221
1777551430224 1.0 222
1777551430232 1.0 223
1777551430240 1.0 224
1777551430248 1.0 225
1777551430256 1.0 226
1777551430264 1.0 227
1777551430272 1.0 228
1777551430280 1.0 229
1777551430289 1.0 230
1777551430297 1.0 231
1777551430305 1.0 232
1777551430313 1.0 233
1777551430321 1.0 234
1777551430329 1.0 235
1777551430337 1.0 236
1777551430345 1.0 237
1777551430354 1.0 238
1777551430362 1.0 239
1777551430370 1.0 240
1777551430378 1.0 241
1777551430386 1.0 242
1777551430393 1.0 243
1777551430402 1.0 244
1777551430410 1.0 245
1777551430418 1.0 246
1777551430426 1.0 247
1777551430434 1.0 248
1777551430442 1.0 249
