1777551428246 1.68176 0
1777551428255 1.68586 1
1777551428267 1.54573 2
1777551428276 1.63836 3
1777551428284 1.53828 4
1777551428292 1.43396 5
1777551428300 1.50182 6
1777551428308 1.37698 7
1777551428316 1.48758 8
1777551428324 1.43842 9
1777551428332 1.33079 10
1777551428340 1.44857 11
1777551428348 1.29305 12
1777551428357 1.40159 13
1777551428365 1.37415 14
1777551428373 1.26472 15
1777551428381 1.39513 16
1777551428389 1.24828 17
1777551428397 1.33683 18
1777551428405 1.33132 19
1777551428413 1.22068 20
1777551428421 1.36683 21
1777551428429 1.21595 22
1777551428437 1.30231 23
1777551428445 1.28215 24
1777551428452 1.1865 25
1777551428461 1.35034 26
1777551428469 1.18473 27
1777551428478 1.26697 28
1777551428487 1.26619 29
1777551428495 1.1579 30
1777551428503 1.32228 31
1777551428511 1.14823 32
1777551428519 1.23007 33
1777551428527 1.23347 34
1777551428636 1.12271 35
1777551428646 1.30161 36
1777551428654 1.13652 37
1777551428662 1.1961 38
1777551428671 1.20075 39
1777551428679 1.09912 40
1777551428687 1.28513 41
1777551428696 1.1061 42
1777551428704 1.17191 43
1777551428712 1.18533 44
1777551428720 1.07327 45
1777551428729 1.27547 46
1777551428737 1.07621 47
1777551428745 1.14856 48
1777551428754 1.1496 49
1777551428762 1.05268 50
1777551428770 1.26552 51
1777551428779 1.06452 52
1777551428787 1.12982 53
1777551428795 1.14318 54
1777551428804 1.03399 55
1777551428812 1.22399 56
1777551428820 1.04252 57
1777551428828 1.09726 58
1777551428836 1.11901 59
1777551428844 1.01336 60
1777551428853 1.22096 61
1777551428861 1.01632 62
1777551428869 1.07064 63
1777551428877 1.09439 64
1777551428885 0.988089 65
1777551428894 1.20952 66
1777551428901 0.998164 67
1777551428910 1.05571 68
1777551428918 1.06442 69
1777551428926 0.982053 70
1777551428935 1.19383 71
1777551428943 0.980963 72
1777551428951 1.0403 73
1777551428960 1.05847 74
1777551428968 0.946509 75
1777551428976 1.18189 76
1777551428984 0.961031 77
1777551428992 1.01719 78
1777551429000 1.02282 79
1777551429009 0.94651 80
1777551429017 1.16005 81
1777551429025 0.959992 82
1777551429032 0.997192 83
1777551429042 1.00824 84
1777551429050 0.928903 85
1777551429058 1.14516 86
1777551429066 0.927606 87
1777551429074 0.983002 88
1777551429082 0.987144 89
1777551429090 0.907565 90
1777551429098 1.13332 91
1777551429107 0.91967 92
1777551429115 0.965871 93
1777551429123 0.97975 94
1777551429131 0.892035 95
1777551429139 1.12676 96
1777551429148 0.897636 97
1777551429156 0.947107 98
1777551429164 0.966503 99
1777551429172 0.886299 100
1777551429181 1.11178 101
1777551429189 0.881218 102
1777551429198 0.934548 103
1777551429206 0.956853 104
1777551429214 0.859584 105
1777551429222 1.09057 106
1777551429230 0.870057 107
1777551429239 0.922531 108
1777551429247 0.938364 109
1777551429255 0.853549 110
1777551429264 1.08031 111
1777551429272 0.862025 112
1777551429280 0.909889 113
1777551429288 0.91716 114
1777551429296 0.839362 115
1777551429304 1.07267 116
1777551429312 0.841684 117
1777551429320 0.898232 118
1777551429328 0.909413 119
1777551429336 0.821643 120
1777551429344 1.05096 121
1777551429353 0.835124 122
1777551429360 0.884799 123
1777551429368 0.900104 124
1777551429376 0.807165 125
1777551429384 1.04198 126
1777551429393 0.823989 127
1777551429400 0.861852 128
1777551429408 0.883801 129
1777551429416 0.801709 130
1777551429425 1.04118 131
1777551429432 0.815628 132
1777551429440 0.853492 133
1777551429448 0.870221 134
1777551429456 0.781813 135
1777551429464 1.02896 136
1777551429472 0.786264 137
1777551429480 0.832564 138
1777551429488 0.860026 139
1777551429496 0.768415 140
1777551429504 1.01832 141
1777551429511 0.776094 142
1777551429520 0.833004 143
1777551429528 0.840639 144
1777551429536 0.754651 145
1777551429544 1.0011 146
1777551429552 0.773838 147
1777551429560 0.808807 148
1777551429568 0.844688 149
1777551429576 0.740631 150
1777551429584 0.973414 151
1777551429592 0.760573 152
1777551429600 0.801323 153
1777551429608 0.825515 154
1777551429616 0.741868 155
1777551429624 0.977149 156
1777551429632 0.769292 157
1777551429640 0.782376 158
1777551429648 0.811305 159
1777551429656 0.722692 160
1777551429664 0.973836 161
1777551429671 0.743916 162
1777551429680 0.785863 163
1777551429688 0.795596 164
1777551429696 0.712166 165
1777551429704 0.944002 166
1777551429712 0.72877 167
1777551429720 0.76795 168
1777551429728 0.7859 169
1777551429736 0.711519 170
1777551429744 0.941751 171
1777551429751 0.723344 172
1777551429759 0.759163 173
1777551429767 0.786518 174
1777551429775 0.692915 175
1777551429783 0.940983 176
1777551429791 0.720304 177
1777551429800 0.739763 178
1777551429807 0.776579 179
1777551429815 0.683809 180
1777551429823 0.925315 181
1777551429831 0.708774 182
1777551429838 0.736305 183
1777551429847 0.762661 184
1777551429855 0.665367 185
1777551429862 0.914554 186
1777551429871 0.696475 187
1777551429879 0.725116 188
1777551429887 0.745649 189
1777551429895 0.658979 190
1777551429970 0.914761 191
1777551429978 0.705961 192
1777551429986 0.732419 193
1777551429994 0.747057 194
1777551430002 0.652574 195
1777551430010 0.900811 196
1777551430018 0.689678 197
1777551430026 0.716485 198
1777551430038 0.735502 199
1777551430046 0.651638 200
1777551430054 0.883855 201
1777551430062 0.674829 202
1777551430070 0.705354 203
1777551430078 0.719753 204
1777551430086 0.642741 205
1777551430094 0.869897 206
1777551430102 0.673924 207
1777551430110 0.710858 208
1777551430117 0.718446 209
1777551430125 0.637518 210
1777551430133 0.86877 211
1777551430141 0.657208 212
1777551430149 0.677248 213
1777551430157 0.714404 214
1777551430165 0.623939 215
1777551430172 0.861885 216
1777551430181 0.645307 217
1777551430189 0.676545 218
1777551430197 0.697888 219
1777551430205 0.613425 220
1777551430214 0.851082 221
1777551430222 0.650637 222
1777551430229 0.673088 223
1777551430237 0.706638 224
1777551430245 0.603039 225
1777551430254 0.835904 226
1777551430262 0.647599 227
1777551430269 0.665527 228
1777551430278 0.685192 229
1777551430286 0.604266 230
1777551430294 0.828964 231
1777551430301 0.620499 232
1777551430310 0.668931 233
1777551430318 0.687099 234
1777551430326 0.596509 235
1777551430334 0.8099 236
1777551430342 0.627745 237
1777551430350 0.648535 238
1777551430359 0.67195 239
1777551430367 0.585286 240
1777551430375 0.827978 241
1777551430383 0.626465 242
1777551430391 0.655751 243
1777551430399 0.665947 244
1777551430407 0.579563 245
1777551430415 0.81295 246
1777551430423 0.618091 247
1777551430431 0.639407 248
1777551430440 0.664562 249
