1777551428251 1.1722 0
1777551428259 0.521258 1
1777551428271 0.654882 2
1777551428280 0.65839 3
1777551428288 0.838824 4
1777551428296 0.82249 5
1777551428304 0.385817 6
1777551428312 0.411164 7
1777551428320 0.487472 8
1777551428328 0.542988 9
1777551428336 1.15948 10
1777551428344 0.353649 11
1777551428352 0.432026 12
1777551428360 0.481997 13
1777551428368 0.536337 14
1777551428376 0.833598 15
1777551428385 0.367851 16
1777551428392 0.450318 17
1777551428401 0.446647 18
1777551428409 0.495166 19
1777551428417 0.834129 20
1777551428425 0.33798 21
1777551428432 0.470206 22
1777551428440 0.469067 23
1777551428448 0.521991 24
1777551428456 1.1917 25
1777551428464 0.359203 26
1777551428473 0.427512 27
1777551428482 0.474722 28
1777551428490 0.518816 29
1777551428498 0.836528 30
1777551428506 0.323621 31
1777551428514 0.459835 32
1777551428522 0.458096 33
1777551428531 0.482559 34
1777551428641 0.793589 35
1777551428650 0.364577 36
1777551428658 0.385354 37
1777551428666 0.515604 38
1777551428674 0.524192 39
1777551428683 0.824071 40
1777551428691 0.366643 41
1777551428699 0.405323 42
1777551428708 0.467907 43
1777551428716 0.515694 44
1777551428724 0.82871 45
1777551428732 0.363648 46
1777551428741 0.456082 47
1777551428749 0.459443 48
1777551428758 0.80233 49
1777551428766 0.802533 50
1777551428774 0.359912 51
1777551428783 0.445485 52
1777551428791 0.499393 53
1777551428799 0.528311 54
1777551428807 0.820862 55
1777551428815 0.363663 56
1777551428824 0.473296 57
1777551428832 0.482269 58
1777551428840 0.531601 59
1777551428848 0.842622 60
1777551428856 0.362305 61
1777551428865 0.429596 62
1777551428873 0.468101 63
1777551428881 0.488422 64
1777551428889 0.809934 65
1777551428897 0.380586 66
1777551428905 0.420942 67
1777551428913 0.46264 68
1777551428922 0.51062 69
1777551428929 0.830617 70
1777551428938 0.356706 71
1777551428947 0.444278 72
1777551428955 0.454358 73
1777551428963 0.536735 74
1777551428971 0.807899 75
1777551428980 0.346074 76
1777551428988 0.4534 77
1777551428996 0.46607 78
1777551429004 0.536617 79
1777551429012 0.822311 80
1777551429020 0.377203 81
1777551429028 0.436793 82
1777551429037 0.485331 83
1777551429045 0.527201 84
1777551429053 0.843753 85
1777551429062 0.348082 86
1777551429069 0.41439 87
1777551429078 0.462584 88
1777551429085 0.523895 89
1777551429094 0.827846 90
1777551429102 0.37162 91
1777551429110 0.408106 92
1777551429119 0.496466 93
1777551429127 0.510154 94
1777551429135 0.824458 95
1777551429143 0.32759 96
1777551429151 0.454858 97
1777551429160 0.494668 98
1777551429168 0.485806 99
1777551429176 0.819398 100
1777551429184 0.340115 101
1777551429193 0.45348 102
1777551429201 0.479482 103
1777551429209 0.535102 104
1777551429218 0.799994 105
1777551429226 0.368673 106
1777551429234 0.472043 107
1777551429242 0.474024 108
1777551429251 0.523216 109
1777551429259 0.81804 110
1777551429268 0.34816 111
1777551429276 0.444889 112
1777551429284 0.45575 113
1777551429292 0.522562 114
1777551429300 0.882036 115
1777551429308 0.362571 116
1777551429316 0.438095 117
1777551429324 0.474379 118
1777551429332 0.499761 119
1777551429340 0.817082 120
1777551429348 0.33595 121
1777551429356 0.468727 122
1777551429364 0.471656 123
1777551429372 0.533206 124
1777551429380 1.14196 125
1777551429388 0.509345 126
1777551429396 0.665756 127
1777551429403 0.647328 128
1777551429412 0.717083 129
1777551429420 0.852109 130
1777551429428 0.336727 131
1777551429436 0.429482 132
1777551429444 0.502445 133
1777551429452 0.53287 134
1777551429459 0.764151 135
1777551429468 0.375629 136
1777551429476 0.422656 137
1777551429484 0.480664 138
1777551429491 0.519465 139
1777551429499 0.868027 140
1777551429507 0.360265 141
1777551429515 0.436742 142
1777551429523 0.512767 143
1777551429532 0.53525 144
1777551429539 0.814943 145
1777551429548 0.336352 146
1777551429555 0.413107 147
1777551429563 0.487951 148
1777551429571 0.481727 149
1777551429579 0.81821 150
1777551429587 0.362437 151
1777551429595 0.461241 152
1777551429603 0.489819 153
1777551429610 0.502717 154
1777551429619 0.799126 155
1777551429627 0.337033 156
1777551429635 0.40729 157
1777551429643 0.439078 158
1777551429651 0.526076 159
1777551429659 0.834135 160
1777551429667 0.345388 161
1777551429675 0.431408 162
1777551429683 0.473587 163
1777551429691 0.527282 164
1777551429699 0.82221 165
1777551429707 0.348231 166
1777551429715 0.422213 167
1777551429723 0.439857 168
1777551429731 0.489357 169
1777551429739 0.798678 170
1777551429747 0.359144 171
1777551429755 0.432002 172
1777551429763 0.491991 173
1777551429771 0.521382 174
1777551429779 0.820522 175
1777551429787 0.371962 176
1777551429795 0.468905 177
1777551429803 0.455865 178
1777551429811 0.522617 179
1777551429819 0.831086 180
1777551429827 0.376547 181
1777551429834 0.426852 182
1777551429842 0.462071 183
1777551429850 0.527917 184
1777551429858 0.810706 185
1777551429866 0.33737 186
1777551429875 0.429496 187
1777551429882 0.470481 188
1777551429890 0.491297 189
1777551429898 0.83587 190
1777551429974 0.362625 191
1777551429982 0.433602 192
1777551429990 0.480187 193
1777551429998 0.508257 194
1777551430005 0.842 195
1777551430013 0.344577 196
1777551430021 0.465484 197
1777551430034 0.487631 198
1777551430042 0.560809 199
1777551430050 0.84916 200
1777551430058 0.361094 201
1777551430066 0.440308 202
1777551430074 0.469316 203
1777551430081 0.551977 204
1777551430090 0.845503 205
1777551430097 0.374244 206
1777551430105 0.451359 207
1777551430113 0.467923 208
1777551430121 0.530629 209
1777551430129 0.845703 210
1777551430137 0.34724 211
1777551430145 0.393688 212
1777551430153 0.464622 213
1777551430161 0.497241 214
1777551430168 0.795797 215
1777551430176 0.318982 216
1777551430185 0.452375 217
1777551430193 0.456784 218
1777551430201 0.495964 219
1777551430209 0.836988 220
1777551430217 0.350239 221
1777551430225 0.430211 222
1777551430233 0.466241 223
1777551430241 0.527589 224
1777551430249 0.812422 225
1777551430257 0.368346 226
1777551430265 0.46358 227
1777551430273 0.486218 228
1777551430281 0.513835 229
1777551430289 0.808858 230
1777551430297 0.357 231
1777551430305 0.431223 232
1777551430314 0.492554 233
1777551430322 0.49478 234
1777551430330 0.831753 235
1777551430338 0.356799 236
1777551430346 0.406135 237
1777551430355 0.476505 238
1777551430363 0.538237 239
1777551430371 0.808657 240
1777551430379 0.331022 241
1777551430387 0.391142 242
1777551430395 0.483185 243
1777551430403 0.477625 244
1777551430411 1.11947 245
1777551430419 0.516967 246
1777551430427 0.630676 247
1777551430435 0.648533 248
1777551430443 0.732016 249
