1777551428252 246.187 0
1777551428264 56.2185 1
1777551428273 67.561 2
1777551428281 68.8845 3
1777551428289 76.4403 4
1777551428297 23.2945 5
1777551428306 13.6735 6
1777551428314 15.2598 7
1777551428322 15.3383 8
1777551428330 17.1655 9
1777551428338 24.1527 10
1777551428346 14.0382 11
1777551428354 15.5196 12
1777551428362 15.2146 13
1777551428370 16.6512 14
1777551428378 22.4663 15
1777551428386 13.7265 16
1777551428394 15.977 17
1777551428402 15.7763 18
1777551428410 16.8307 19
1777551428418 22.484 20
1777551428426 13.6492 21
1777551428434 15.3281 22
1777551428442 15.4744 23
1777551428450 16.9627 24
1777551428458 152.818 25
1777551428466 13.5323 26
1777551428475 15.2939 27
1777551428483 15.7742 28
1777551428492 16.7791 29
1777551428500 22.6645 30
1777551428508 13.581 31
1777551428516 15.1043 32
1777551428524 15.331 33
1777551428634 16.4052 34
1777551428643 22.7895 35
1777551428652 13.6077 36
1777551428660 15.217 37
1777551428668 15.9446 38
1777551428676 16.5174 39
1777551428685 23.7015 40
1777551428693 13.3668 41
1777551428701 15.4586 42
1777551428709 15.0368 43
1777551428718 16.6064 44
1777551428726 22.9652 45
1777551428734 13.5971 46
1777551428743 15.0658 47
1777551428751 15.3838 48
1777551428759 96.7645 49
1777551428768 23.329 50
1777551428776 13.2864 51
1777551428784 16.2972 52
1777551428793 15.6515 53
1777551428801 16.8876 54
1777551428809 22.9978 55
1777551428817 13.6666 56
1777551428825 15.4185 57
1777551428834 15.1821 58
1777551428842 16.4212 59
1777551428850 23.0406 60
1777551428858 13.5908 61
1777551428866 15.3392 62
1777551428874 15.3877 63
1777551428883 16.9408 64
1777551428891 22.4906 65
1777551428899 14.0577 66
1777551428907 15.8132 67
1777551428915 15.83 68
1777551428923 16.5292 69
1777551428932 21.8517 70
1777551428940 13.926 71
1777551428949 15.5764 72
1777551428957 15.8992 73
1777551428965 17.0771 74
1777551428973 23.4818 75
1777551428981 13.8361 76
1777551428990 15.3823 77
1777551428998 15.5249 78
1777551429006 16.1545 79
1777551429014 22.3337 80
1777551429022 13.7141 81
1777551429030 15.4984 82
1777551429038 15.0594 83
1777551429047 16.4563 84
1777551429055 22.7113 85
1777551429063 13.7513 86
1777551429071 14.9171 87
1777551429080 16.0505 88
1777551429088 16.4581 89
1777551429095 22.9328 90
1777551429104 13.6786 91
1777551429112 14.9079 92
1777551429120 15.7776 93
1777551429128 16.2232 94
1777551429137 23.2855 95
1777551429145 13.9863 96
1777551429153 15.6638 97
1777551429161 15.0799 98
1777551429170 15.9137 99
1777551429178 22.3816 100
1777551429186 13.3963 101
1777551429194 15.3461 102
1777551429203 15.9177 103
1777551429211 16.1234 104
1777551429220 22.3221 105
1777551429228 13.4541 106
1777551429236 16.1246 107
1777551429244 15.3295 108
1777551429252 16.658 109
1777551429261 22.8614 110
1777551429269 13.4344 111
1777551429277 15.9109 112
1777551429286 15.5828 113
1777551429294 16.5797 114
1777551429302 22.8569 115
1777551429310 13.8231 116
1777551429318 15.274 117
1777551429325 15.5717 118
1777551429334 16.7297 119
1777551429342 23.0335 120
1777551429350 13.5927 121
1777551429357 15.4887 122
1777551429365 14.8193 123
1777551429374 16.4774 124
1777551429382 118.255 125
1777551429390 55.4595 126
1777551429398 67.5565 127
1777551429406 68.956 128
1777551429414 75.1156 129
1777551429422 22.7019 130
1777551429429 13.2588 131
1777551429438 15.1701 132
1777551429446 16.232 133
1777551429454 15.9628 134
1777551429461 22.325 135
1777551429469 13.3577 136
1777551429477 15.5718 137
1777551429485 15.1198 138
1777551429493 16.6392 139
1777551429501 23.4769 140
1777551429509 13.8608 141
1777551429517 15.4168 142
1777551429525 16.1538 143
1777551429533 16.8421 144
1777551429541 22.9959 145
1777551429549 13.7309 146
1777551429557 15.8687 147
1777551429565 15.7945 148
1777551429573 15.9534 149
1777551429581 23.1193 150
1777551429589 13.2047 151
1777551429597 15.1858 152
1777551429605 15.9432 153
1777551429613 16.5667 154
1777551429621 22.324 155
1777551429629 13.5654 156
1777551429637 15.4182 157
1777551429645 15.5205 158
1777551429653 16.8031 159
1777551429661 22.2778 160
1777551429669 13.7364 161
1777551429677 15.3935 162
1777551429685 15.2885 163
1777551429693 16.2695 164
1777551429701 22.72 165
1777551429709 13.4381 166
1777551429717 15.1526 167
1777551429725 15.3355 168
1777551429733 16.9803 169
1777551429741 22.1685 170
1777551429749 13.7262 171
1777551429757 15.1392 172
1777551429765 15.8222 173
1777551429773 16.5107 174
1777551429781 22.3909 175
1777551429789 13.7593 176
1777551429796 15.3648 177
1777551429805 15.05 178
1777551429812 16.0072 179
1777551429820 23.1463 180
1777551429828 13.456 181
1777551429836 15.2348 182
1777551429844 15.6181 183
1777551429852 16.4041 184
1777551429860 21.9795 185
1777551429868 13.9487 186
1777551429876 15.368 187
1777551429884 15.6825 188
1777551429892 16.1734 189
1777551429967 22.3351 190
1777551429976 13.6294 191
1777551429984 15.6239 192
1777551429992 15.8179 193
1777551429999 16.6573 194
1777551430007 22.6624 195
1777551430015 13.8479 196
1777551430023 16.0623 197
1777551430035 16.1179 198
1777551430043 16.6607 199
1777551430051 22.5842 200
1777551430059 13.7264 201
1777551430068 15.2411 202
1777551430075 15.3136 203
1777551430083 16.8951 204
1777551430091 22.5759 205
1777551430099 13.4441 206
1777551430107 15.0587 207
1777551430115 15.2142 208
1777551430123 16.2178 209
1777551430131 22.8217 210
1777551430139 13.3715 211
1777551430147 15.0443 212
1777551430154 15.8075 213
1777551430162 16.5847 214
1777551430170 22.7257 215
1777551430178 13.5596 216
1777551430186 15.2931 217
1777551430194 15.4703 218
1777551430202 16.0988 219
1777551430211 22.3978 220
1777551430219 13.6764 221
1777551430227 15.3342 222
1777551430235 15.3171 223
1777551430243 16.9129 224
1777551430251 22.1581 225
1777551430259 14.0609 226
1777551430266 15.1462 227
1777551430275 15.2721 228
1777551430283 16.6327 229
1777551430291 22.6073 230
1777551430299 13.5694 231
1777551430307 15.1611 232
1777551430315 15.0856 233
1777551430324 16.1517 234
1777551430332 23.2582 235
1777551430340 13.5274 236
1777551430348 15.0959 237
1777551430356 15.7709 238
1777551430364 16.5715 239
1777551430372 23.3006 240
1777551430380 13.3101 241
1777551430389 15.0728 242
1777551430397 15.8725 243
1777551430405 16.721 244
1777551430413 117.002 245
1777551430421 56.0836 246
1777551430429 67.6513 247
1777551430437 68.4075 248
1777551430445 74.9491 249
