1777551428252 0.840667 0
1777551428260 0.581003 1
1777551428272 0.632434 2
1777551428280 0.647245 3
1777551428289 0.680511 4
1777551428297 0.805117 5
1777551428305 0.587471 6
1777551428313 0.622592 7
1777551428321 0.627983 8
1777551428329 0.682513 9
1777551428337 0.964369 10
1777551428345 0.66616 11
1777551428353 0.635301 12
1777551428361 0.617336 13
1777551428369 0.641052 14
1777551428377 0.81026 15
1777551428385 0.582296 16
1777551428394 0.675069 17
1777551428402 0.629401 18
1777551428409 0.636392 19
1777551428417 0.821355 20
1777551428425 0.574782 21
1777551428433 0.627754 22
1777551428441 0.622072 23
1777551428449 0.637862 24
1777551428457 0.82226 25
1777551428465 0.579533 26
1777551428474 0.621741 27
1777551428483 0.618593 28
1777551428491 0.638681 29
1777551428499 0.80335 30
1777551428507 0.577214 31
1777551428515 0.634587 32
1777551428523 0.615119 33
1777551428633 0.634387 34
1777551428642 0.816045 35
1777551428651 0.577326 36
1777551428659 0.62442 37
1777551428667 0.612418 38
1777551428675 0.632836 39
1777551428684 0.807495 40
1777551428692 0.570241 41
1777551428700 0.621176 42
1777551428708 0.620529 43
1777551428717 0.640589 44
1777551428725 0.819854 45
1777551428733 0.583901 46
1777551428742 0.621104 47
1777551428750 0.606444 48
1777551428758 0.655185 49
1777551428767 0.800286 50
1777551428775 0.568441 51
1777551428784 0.772503 52
1777551428792 0.706408 53
1777551428799 0.633294 54
1777551428808 0.822619 55
1777551428816 0.585448 56
1777551428824 0.627192 57
1777551428833 0.606136 58
1777551428840 0.633452 59
1777551428849 0.823635 60
1777551428857 0.57896 61
1777551428866 0.614302 62
1777551428873 0.609605 63
1777551428882 0.634665 64
1777551428890 0.810491 65
1777551428898 0.570105 66
1777551428906 0.647639 67
1777551428914 0.602183 68
1777551428923 0.634354 69
1777551428931 0.818482 70
1777551428939 0.576197 71
1777551428948 0.618944 72
1777551428956 0.612481 73
1777551428964 0.650943 74
1777551428972 0.819671 75
1777551428981 0.583252 76
1777551428989 0.617614 77
1777551428997 0.624515 78
1777551429004 0.627093 79
1777551429013 0.816676 80
1777551429021 0.575081 81
1777551429029 0.621731 82
1777551429037 0.608261 83
1777551429046 0.639371 84
1777551429054 0.824106 85
1777551429062 0.57863 86
1777551429070 0.632731 87
1777551429079 0.614096 88
1777551429087 0.654721 89
1777551429095 0.808339 90
1777551429103 0.578173 91
1777551429111 0.626815 92
1777551429120 0.610219 93
1777551429128 0.637877 94
1777551429135 0.801571 95
1777551429144 0.600449 96
1777551429152 0.6246 97
1777551429160 0.603334 98
1777551429168 0.636902 99
1777551429177 0.816513 100
1777551429185 0.572048 101
1777551429194 0.629973 102
1777551429202 0.618437 103
1777551429210 0.630298 104
1777551429219 0.801155 105
1777551429227 0.630437 106
1777551429235 0.822735 107
1777551429243 0.615102 108
1777551429251 0.631844 109
1777551429260 0.811057 110
1777551429269 0.579301 111
1777551429277 0.622893 112
1777551429285 0.609822 113
1777551429293 0.636346 114
1777551429301 0.806107 115
1777551429309 0.588703 116
1777551429317 0.62941 117
1777551429325 0.639192 118
1777551429333 0.640305 119
1777551429341 0.804781 120
1777551429349 0.5794 121
1777551429357 0.624712 122
1777551429365 0.61512 123
1777551429373 0.644888 124
1777551429381 0.80095 125
1777551429389 0.552735 126
1777551429397 0.609738 127
1777551429405 0.605912 128
1777551429413 0.640223 129
1777551429421 0.803634 130
1777551429429 0.579419 131
1777551429436 0.617224 132
1777551429445 0.617559 133
1777551429453 0.627991 134
1777551429461 0.815275 135
1777551429469 0.593226 136
1777551429476 0.633135 137
1777551429484 0.613537 138
1777551429492 0.639462 139
1777551429500 0.824737 140
1777551429508 0.579153 141
1777551429516 0.616175 142
1777551429524 0.747342 143
1777551429532 0.684324 144
1777551429540 0.809593 145
1777551429548 0.570603 146
1777551429556 0.62869 147
1777551429564 0.615459 148
1777551429572 0.633296 149
1777551429580 0.808446 150
1777551429588 0.577203 151
1777551429596 0.6356 152
1777551429604 0.613756 153
1777551429612 0.625345 154
1777551429620 0.814076 155
1777551429628 0.582014 156
1777551429636 0.631329 157
1777551429644 0.616358 158
1777551429652 0.625051 159
1777551429660 0.799439 160
1777551429668 0.574405 161
1777551429676 0.627181 162
1777551429684 0.606351 163
1777551429692 0.64185 164
1777551429700 0.807928 165
1777551429708 0.569756 166
1777551429716 0.616861 167
1777551429724 0.616686 168
1777551429731 0.643333 169
1777551429740 0.806322 170
1777551429748 0.566906 171
1777551429756 0.624263 172
1777551429764 0.62147 173
1777551429772 0.636353 174
1777551429780 0.810098 175
1777551429788 0.574625 176
1777551429796 0.635881 177
1777551429804 0.605041 178
1777551429812 0.636823 179
1777551429820 0.812505 180
1777551429828 0.575608 181
1777551429835 0.629715 182
1777551429843 0.615775 183
1777551429851 0.645432 184
1777551429859 0.804556 185
1777551429867 0.685795 186
1777551429875 0.62648 187
1777551429883 0.618593 188
1777551429891 0.630478 189
1777551429900 0.804903 190
1777551429975 0.576509 191
1777551429983 0.619395 192
1777551429991 0.607441 193
1777551429999 0.648226 194
1777551430006 0.808142 195
1777551430014 0.579659 196
1777551430022 0.721492 197
1777551430034 0.66461 198
1777551430042 0.671428 199
1777551430051 0.813407 200
1777551430059 0.590613 201
1777551430066 0.626549 202
1777551430075 0.618644 203
1777551430083 0.644229 204
1777551430090 0.818023 205
1777551430098 0.578798 206
1777551430106 0.621611 207
1777551430114 0.609304 208
1777551430122 0.633777 209
1777551430130 0.80037 210
1777551430138 0.576785 211
1777551430146 0.623369 212
1777551430154 0.634008 213
1777551430161 0.63485 214
1777551430169 0.820056 215
1777551430177 0.577136 216
1777551430186 0.629623 217
1777551430194 0.604948 218
1777551430201 0.625594 219
1777551430210 0.822481 220
1777551430218 0.582064 221
1777551430226 0.613728 222
1777551430234 0.607333 223
1777551430242 0.654908 224
1777551430250 0.813964 225
1777551430258 0.573571 226
1777551430266 0.621372 227
1777551430274 0.608735 228
1777551430282 0.63468 229
1777551430290 0.809165 230
1777551430298 0.584198 231
1777551430306 0.614252 232
1777551430315 0.604051 233
1777551430322 0.632811 234
1777551430331 0.812448 235
1777551430339 0.565965 236
1777551430347 0.632409 237
1777551430355 0.602692 238
1777551430363 0.638101 239
1777551430372 0.803611 240
1777551430380 0.576157 241
1777551430388 0.615233 242
1777551430396 0.609753 243
1777551430404 0.637708 244
1777551430412 0.843693 245
1777551430420 0.717325 246
1777551430428 0.624287 247
1777551430436 0.608133 248
1777551430444 0.639468 249
