1777551437939 0.0 1
1777551437943 0.0 2
1777551437945 0.0 3
1777551437949 0.0 4
1777551437951 0.0 5
1777551437955 0.0 6
1777551437957 0.0 7
1777551437960 0.0 8
1777551437963 0.0 9
1777551437966 0.0 10
1777551437969 0.0 11
1777551437972 0.0 12
1777551437975 0.0 13
1777551437978 0.0 14
1777551437981 0.0 15
1777551437984 0.0 16
1777551437986 0.0 17
1777551437990 0.0 18
1777551437993 0.0 19
1777551437996 0.0 20
1777551437999 0.0 21
1777551438002 0.0 22
1777551438005 0.0 23
1777551438008 0.0 24
1777551438011 0.0 25
1777551438014 0.0 26
1777551438017 0.0 27
1777551438019 0.0 28
1777551438022 0.0 29
1777551438026 0.0 30
1777551438029 0.0 31
1777551438032 0.0 32
1777551438035 0.0 33
1777551438038 0.0 34
1777551438041 0.0 35
1777551438044 0.0 36
1777551438047 0.0 37
1777551438050 0.0 38
1777551438052 0.0 39
1777551438057 0.0 40
1777551438061 0.0 41
1777551438065 0.0 42
1777551438069 0.0 43
1777551438073 0.0 44
1777551438077 0.0 45
1777551438081 0.0 46
1777551438087 0.0 47
1777551438090 0.0 48
1777551438093 0.0 49
1777551438096 0.0 50
