1777551416421 0.0 1
1777551416424 0.0 2
1777551416427 0.0 3
1777551416429 0.0 4
1777551416432 0.0 5
1777551416434 0.0 6
1777551416437 0.0 7
1777551416439 0.0 8
1777551416441 0.0 9
1777551416444 0.0 10
1777551416446 0.0 11
1777551416448 0.0 12
1777551416451 0.0 13
1777551416453 0.0 14
1777551416455 0.0 15
1777551416458 0.0 16
1777551416460 0.0 17
1777551416462 0.0 18
1777551416465 0.0 19
1777551416467 0.0 20
1777551416470 0.0 21
1777551416472 0.0 22
1777551416474 0.0 23
1777551416477 0.0 24
1777551416479 0.0 25
1777551416482 0.0 26
1777551416484 0.0 27
1777551416487 0.0 28
1777551416489 0.0 29
1777551416492 0.0 30
1777551416495 0.0 31
1777551416497 0.0 32
1777551416499 0.0 33
1777551416502 0.0 34
1777551416505 0.0 35
1777551416507 0.0 36
1777551416509 0.0 37
1777551416512 0.0 38
1777551416514 0.0 39
1777551416517 0.0 40
1777551416519 0.0 41
1777551416522 0.0 42
1777551416525 0.0 43
1777551416528 0.0 44
1777551416530 0.0 45
1777551416532 0.0 46
1777551416535 0.0 47
1777551416537 0.0 48
1777551416540 0.0 49
1777551416542 0.0 50
