1777551420049 0.0 1
1777551420052 0.0 2
1777551420054 0.0 3
1777551420056 0.0 4
1777551420059 0.0 5
1777551420062 0.0 6
1777551420064 0.0 7
1777551420067 0.0 8
1777551420069 0.0 9
1777551420072 0.0 10
1777551420074 0.0 11
1777551420077 0.0 12
1777551420079 0.0 13
1777551420082 0.0 14
1777551420084 0.0 15
1777551420087 0.0 16
1777551420089 0.0 17
1777551420092 0.0 18
1777551420094 0.0 19
1777551420097 0.0 20
1777551420099 0.0 21
1777551420102 0.0 22
1777551420104 0.0 23
1777551420107 0.0 24
1777551420109 0.0 25
1777551420111 0.0 26
1777551420114 0.0 27
1777551420117 0.0 28
1777551420120 0.0 29
1777551420122 0.0 30
1777551420124 0.0 31
1777551420127 0.0 32
1777551420130 0.0 33
1777551420132 0.0 34
1777551420134 0.0 35
1777551420137 0.0 36
1777551420140 0.0 37
1777551420142 0.0 38
1777551420145 0.0 39
1777551420147 0.0 40
1777551420150 0.0 41
1777551420153 0.0 42
1777551420155 0.0 43
1777551420157 0.0 44
1777551420160 0.0 45
1777551420163 0.0 46
1777551420165 0.0 47
1777551420168 0.0 48
1777551420171 0.0 49
1777551420173 0.0 50
