1777551449217 0.0 1
1777551449220 0.0 2
1777551449225 0.0 3
1777551449229 0.0 4
1777551449234 0.0 5
1777551449238 0.0 6
1777551449242 0.0 7
1777551449246 0.0 8
1777551449250 0.0 9
1777551449255 0.0 10
1777551449258 0.0 11
1777551449263 0.0 12
1777551449267 0.0 13
1777551449272 0.0 14
1777551449275 0.0 15
1777551449280 0.0 16
1777551449284 0.0 17
1777551449288 0.0 18
1777551449293 0.0 19
1777551449297 0.0 20
1777551449301 0.0 21
1777551449306 0.0 22
1777551449310 0.0 23
1777551449314 0.0 24
1777551449318 0.0 25
1777551449323 0.0 26
1777551449327 0.0 27
1777551449331 0.0 28
1777551449335 0.0 29
1777551449339 0.0 30
1777551449342 0.0 31
1777551449345 0.0 32
1777551449348 0.0 33
1777551449352 0.0 34
1777551449355 0.0 35
1777551449358 0.0 36
1777551449360 0.0 37
1777551449364 0.0 38
1777551449367 0.0 39
1777551449369 0.0 40
1777551449373 0.0 41
1777551449376 0.0 42
1777551449379 0.0 43
1777551449382 0.0 44
1777551449386 0.0 45
1777551449388 0.0 46
1777551449392 0.0 47
1777551449395 0.0 48
1777551449398 0.0 49
1777551449401 0.0 50
