1777551419776 0.0 1
1777551419779 0.0 2
1777551419781 0.0 3
1777551419783 0.0 4
1777551419786 0.0 5
1777551419789 0.0 6
1777551419791 0.0 7
1777551419794 0.0 8
1777551419797 0.0 9
1777551419799 0.0 10
1777551419802 0.0 11
1777551419804 0.0 12
1777551419807 0.0 13
1777551419810 0.0 14
1777551419812 0.0 15
1777551419815 0.0 16
1777551419817 0.0 17
1777551419820 0.0 18
1777551419822 0.0 19
1777551419824 0.0 20
1777551419828 0.0 21
1777551419830 0.0 22
1777551419832 0.0 23
1777551419835 0.0 24
1777551419838 0.0 25
1777551419841 0.0 26
1777551419843 0.0 27
1777551419845 0.0 28
1777551419848 0.0 29
1777551419851 0.0 30
1777551419854 0.0 31
1777551419856 0.0 32
1777551419859 0.0 33
1777551419861 0.0 34
1777551419864 0.0 35
1777551419866 0.0 36
1777551419869 0.0 37
1777551419871 0.0 38
1777551419874 0.0 39
1777551419876 0.0 40
1777551419879 0.0 41
1777551419881 0.0 42
1777551419884 0.0 43
1777551419886 0.0 44
1777551419888 0.0 45
1777551419891 0.0 46
1777551419894 0.0 47
1777551419896 0.0 48
1777551419899 0.0 49
1777551419901 0.0 50
