1777551450906 0.0 1
1777551450909 0.0 2
1777551450912 0.0 3
1777551450916 0.0 4
1777551450919 0.0 5
1777551450922 0.0 6
1777551450925 0.0 7
1777551450928 0.0 8
1777551450930 0.0 9
1777551450933 0.0 10
1777551450936 0.0 11
1777551450939 0.0 12
1777551450942 0.0 13
1777551450945 0.0 14
1777551450948 0.0 15
1777551450952 0.0 16
1777551450956 0.0 17
1777551450961 0.0 18
1777551450965 0.0 19
1777551450969 0.0 20
1777551450973 0.0 21
1777551450977 0.0 22
1777551450981 0.0 23
1777551450986 0.0 24
1777551450990 0.0 25
1777551450994 0.0 26
1777551450998 0.0 27
1777551451002 0.0 28
1777551451006 0.0 29
1777551451010 0.0 30
1777551451014 0.0 31
1777551451018 0.0 32
1777551451022 0.0 33
1777551451026 0.0 34
1777551451030 0.0 35
1777551451034 0.0 36
1777551451039 0.0 37
1777551451042 0.0 38
1777551451047 0.0 39
1777551451051 0.0 40
1777551451055 0.0 41
1777551451059 0.0 42
1777551451063 0.0 43
1777551451066 0.0 44
1777551451070 0.0 45
1777551451074 0.0 46
1777551451078 0.0 47
1777551451082 0.0 48
1777551451086 0.0 49
1777551451090 0.0 50
