1777551448160 0.0 1
1777551448163 0.0 2
1777551448166 0.0 3
1777551448169 0.0 4
1777551448172 0.0 5
1777551448175 0.0 6
1777551448178 0.0 7
1777551448181 0.0 8
1777551448185 0.0 9
1777551448188 0.0 10
1777551448190 0.0 11
1777551448194 0.0 12
1777551448197 0.0 13
1777551448200 0.0 14
1777551448203 0.0 15
1777551448206 0.0 16
1777551448209 0.0 17
1777551448213 0.0 18
1777551448216 0.0 19
1777551448219 0.0 20
1777551448222 0.0 21
1777551448225 0.0 22
1777551448228 0.0 23
1777551448230 0.0 24
1777551448234 0.0 25
1777551448237 0.0 26
1777551448240 0.0 27
1777551448243 0.0 28
1777551448246 0.0 29
1777551448249 0.0 30
1777551448253 0.0 31
1777551448256 0.0 32
1777551448259 0.0 33
1777551448262 0.0 34
1777551448265 0.0 35
1777551448268 0.0 36
1777551448270 0.0 37
1777551448274 0.0 38
1777551448277 0.0 39
1777551448279 0.0 40
1777551448283 0.0 41
1777551448287 0.0 42
1777551448291 0.0 43
1777551448294 0.0 44
1777551448298 0.0 45
1777551448301 0.0 46
1777551448304 0.0 47
1777551448309 0.0 48
1777551448313 0.0 49
1777551448317 0.0 50
