1777551420647 0.0 1
1777551420650 0.0 2
1777551420652 0.0 3
1777551420655 0.0 4
1777551420657 0.0 5
1777551420660 0.0 6
1777551420662 0.0 7
1777551420665 0.0 8
1777551420667 0.0 9
1777551420670 0.0 10
1777551420672 0.0 11
1777551420675 0.0 12
1777551420677 0.0 13
1777551420680 0.0 14
1777551420683 0.0 15
1777551420685 0.0 16
1777551420688 0.0 17
1777551420690 0.0 18
1777551420693 0.0 19
1777551420696 0.0 20
1777551420704 0.0 21
1777551420706 0.0 22
1777551420708 0.0 23
1777551420712 0.0 24
1777551420714 0.0 25
1777551420717 0.0 26
1777551420719 0.0 27
1777551420722 0.0 28
1777551420724 0.0 29
1777551420727 0.0 30
1777551420729 0.0 31
1777551420732 0.0 32
1777551420734 0.0 33
1777551420737 0.0 34
1777551420739 0.0 35
1777551420742 0.0 36
1777551420744 0.0 37
1777551420747 0.0 38
1777551420749 0.0 39
1777551420752 0.0 40
1777551420754 0.0 41
1777551420757 0.0 42
1777551420759 0.0 43
1777551420762 0.0 44
1777551420764 0.0 45
1777551420767 0.0 46
1777551420769 0.0 47
1777551420772 0.0 48
1777551420774 0.0 49
1777551420777 0.0 50
