1777551438878 0.0 1
1777551438883 0.0 2
1777551438887 0.0 3
1777551438890 0.0 4
1777551438895 0.0 5
1777551438899 0.0 6
1777551438903 0.0 7
1777551438907 0.0 8
1777551438911 0.0 9
1777551438916 0.0 10
1777551438920 0.0 11
1777551438924 0.0 12
1777551438928 0.0 13
1777551438932 0.0 14
1777551438936 0.0 15
1777551438940 0.0 16
1777551438943 0.0 17
1777551438946 0.0 18
1777551438949 0.0 19
1777551438952 0.0 20
1777551438955 0.0 21
1777551438958 0.0 22
1777551438961 0.0 23
1777551438965 0.0 24
1777551438968 0.0 25
1777551438970 0.0 26
1777551438974 0.0 27
1777551438977 0.0 28
1777551438979 0.0 29
1777551438983 0.0 30
1777551438986 0.0 31
1777551438990 0.0 32
1777551438992 0.0 33
1777551438995 0.0 34
1777551438998 0.0 35
1777551439000 0.0 36
1777551439004 0.0 37
1777551439007 0.0 38
1777551439010 0.0 39
1777551439013 0.0 40
1777551439015 0.0 41
1777551439019 0.0 42
1777551439021 0.0 43
1777551439024 0.0 44
1777551439027 0.0 45
1777551439030 0.0 46
1777551439033 0.0 47
1777551439036 0.0 48
1777551439039 0.0 49
1777551439042 0.0 50
