1777551416894 0.0 1
1777551416897 0.0 2
1777551416899 0.0 3
1777551416902 0.0 4
1777551416904 0.0 5
1777551416907 0.0 6
1777551416909 0.0 7
1777551416911 0.0 8
1777551416914 0.0 9
1777551416916 0.0 10
1777551416919 0.0 11
1777551416921 0.0 12
1777551416923 0.0 13
1777551416926 0.0 14
1777551416928 0.0 15
1777551416930 0.0 16
1777551416933 0.0 17
1777551416935 0.0 18
1777551416937 0.0 19
1777551416940 0.0 20
1777551416943 0.0 21
1777551416945 0.0 22
1777551416947 0.0 23
1777551416950 0.0 24
1777551416952 0.0 25
1777551416955 0.0 26
1777551416957 0.0 27
1777551416976 0.0 28
1777551416979 0.0 29
1777551416983 0.0 30
1777551416985 0.0 31
1777551416988 0.0 32
1777551416990 0.0 33
1777551416993 0.0 34
1777551416996 0.0 35
1777551416999 0.0 36
1777551417002 0.0 37
1777551417004 0.0 38
1777551417006 0.0 39
1777551417009 0.0 40
1777551417012 0.0 41
1777551417014 0.0 42
1777551417017 0.0 43
1777551417019 0.0 44
1777551417022 0.0 45
1777551417024 0.0 46
1777551417026 0.0 47
1777551417029 0.0 48
1777551417031 0.0 49
1777551417034 0.0 50
