1777551444691 0.0 1
1777551444696 0.0 2
1777551444700 0.0 3
1777551444704 0.0 4
1777551444708 0.0 5
1777551444711 0.0 6
1777551444713 0.0 7
1777551444716 0.0 8
1777551444720 0.0 9
1777551444723 0.0 10
1777551444726 0.0 11
1777551444729 0.0 12
1777551444732 0.0 13
1777551444735 0.0 14
1777551444738 0.0 15
1777551444741 0.0 16
1777551444744 0.0 17
1777551444747 0.0 18
1777551444750 0.0 19
1777551444753 0.0 20
1777551444756 0.0 21
1777551444759 0.0 22
1777551444762 0.0 23
1777551444765 0.0 24
1777551444769 0.0 25
1777551444771 0.0 26
1777551444774 0.0 27
1777551444777 0.0 28
1777551444780 0.0 29
1777551444784 0.0 30
1777551444786 0.0 31
1777551444790 0.0 32
1777551444793 0.0 33
1777551444796 0.0 34
1777551444799 0.0 35
1777551444802 0.0 36
1777551444805 0.0 37
1777551444809 0.0 38
1777551444812 0.0 39
1777551444815 0.0 40
1777551444818 0.0 41
1777551444820 0.0 42
1777551444824 0.0 43
1777551444827 0.0 44
1777551444830 0.0 45
1777551444833 0.0 46
1777551444836 0.0 47
1777551444839 0.0 48
1777551444842 0.0 49
1777551444845 0.0 50
