1777551452620 0.0 1
1777551452624 0.0 2
1777551452628 0.0 3
1777551452631 0.0 4
1777551452635 0.0 5
1777551452639 0.0 6
1777551452643 0.0 7
1777551452647 0.0 8
1777551452651 0.0 9
1777551452654 0.0 10
1777551452658 0.0 11
1777551452661 0.0 12
1777551452665 0.0 13
1777551452669 0.0 14
1777551452673 0.0 15
1777551452676 0.0 16
1777551452680 0.0 17
1777551452684 0.0 18
1777551452688 0.0 19
1777551452692 0.0 20
1777551452696 0.0 21
1777551452699 0.0 22
1777551452703 0.0 23
1777551452706 0.0 24
1777551452710 0.0 25
1777551452714 0.0 26
1777551452717 0.0 27
1777551452720 0.0 28
1777551452725 0.0 29
1777551452738 0.0 30
1777551452741 0.0 31
1777551452744 0.0 32
1777551452749 0.0 33
1777551452753 0.0 34
1777551452756 0.0 35
1777551452760 0.0 36
1777551452764 0.0 37
1777551452768 0.0 38
1777551452772 0.0 39
1777551452775 0.0 40
1777551452779 0.0 41
1777551452783 0.0 42
1777551452787 0.0 43
1777551452790 0.0 44
1777551452794 0.0 45
1777551452797 0.0 46
1777551452800 0.0 47
1777551452805 0.0 48
1777551452808 0.0 49
1777551452812 0.0 50
