1777551436307 0.0 1
1777551436311 0.0 2
1777551436315 0.0 3
1777551436319 0.0 4
1777551436323 0.0 5
1777551436327 0.0 6
1777551436332 0.0 7
1777551436336 0.0 8
1777551436341 0.0 9
1777551436345 0.0 10
1777551436349 0.0 11
1777551436354 0.0 12
1777551436358 0.0 13
1777551436362 0.0 14
1777551436366 0.0 15
1777551436371 0.0 16
1777551436374 0.0 17
1777551436377 0.0 18
1777551436380 0.0 19
1777551436386 0.0 20
1777551436389 0.0 21
1777551436393 0.0 22
1777551436397 0.0 23
1777551436400 0.0 24
1777551436405 0.0 25
1777551436409 0.0 26
1777551436413 0.0 27
1777551436416 0.0 28
1777551436420 0.0 29
1777551436424 0.0 30
1777551436428 0.0 31
1777551436432 0.0 32
1777551436439 0.0 33
1777551436643 0.0 34
1777551436646 0.0 35
1777551436649 0.0 36
1777551436652 0.0 37
1777551436656 0.0 38
1777551436658 0.0 39
1777551436661 0.0 40
1777551436664 0.0 41
1777551436668 0.0 42
1777551436672 0.0 43
1777551436676 0.0 44
1777551436679 0.0 45
1777551436682 0.0 46
1777551436686 0.0 47
1777551436690 0.0 48
1777551436694 0.0 49
1777551436698 0.0 50
