1777551445089 0.0 1
1777551445093 0.0 2
1777551445096 0.0 3
1777551445099 0.0 4
1777551445102 0.0 5
1777551445105 0.0 6
1777551445108 0.0 7
1777551445111 0.0 8
1777551445113 0.0 9
1777551445117 0.0 10
1777551445119 0.0 11
1777551445123 0.0 12
1777551445126 0.0 13
1777551445129 0.0 14
1777551445132 0.0 15
1777551445135 0.0 16
1777551445138 0.0 17
1777551445141 0.0 18
1777551445144 0.0 19
1777551445147 0.0 20
1777551445150 0.0 21
1777551445154 0.0 22
1777551445158 0.0 23
1777551445162 0.0 24
1777551445166 0.0 25
1777551445170 0.0 26
1777551445174 0.0 27
1777551445178 0.0 28
1777551445183 0.0 29
1777551445192 0.0 30
1777551445196 0.0 31
1777551445200 0.0 32
1777551445203 0.0 33
1777551445208 0.0 34
1777551445212 0.0 35
1777551445216 0.0 36
1777551445220 0.0 37
1777551445224 0.0 38
1777551445227 0.0 39
1777551445230 0.0 40
1777551445233 0.0 41
1777551445236 0.0 42
1777551445239 0.0 43
1777551445242 0.0 44
1777551445245 0.0 45
1777551445248 0.0 46
1777551445251 0.0 47
1777551445254 0.0 48
1777551445257 0.0 49
1777551445260 0.0 50
