1777551447865 0.0 1
1777551447868 0.0 2
1777551447873 0.0 3
1777551447876 0.0 4
1777551447881 0.0 5
1777551447885 0.0 6
1777551447889 0.0 7
1777551447893 0.0 8
1777551447897 0.0 9
1777551447901 0.0 10
1777551447906 0.0 11
1777551447909 0.0 12
1777551447914 0.0 13
1777551447918 0.0 14
1777551447922 0.0 15
1777551447926 0.0 16
1777551447930 0.0 17
1777551447934 0.0 18
1777551447939 0.0 19
1777551447942 0.0 20
1777551447947 0.0 21
1777551447951 0.0 22
1777551447956 0.0 23
1777551447958 0.0 24
1777551447962 0.0 25
1777551447965 0.0 26
1777551447968 0.0 27
1777551447971 0.0 28
1777551447974 0.0 29
1777551447977 0.0 30
1777551447980 0.0 31
1777551447983 0.0 32
1777551447986 0.0 33
1777551447989 0.0 34
1777551447992 0.0 35
1777551447995 0.0 36
1777551447998 0.0 37
1777551448001 0.0 38
1777551448004 0.0 39
1777551448007 0.0 40
1777551448010 0.0 41
1777551448013 0.0 42
1777551448016 0.0 43
1777551448019 0.0 44
1777551448022 0.0 45
1777551448025 0.0 46
1777551448028 0.0 47
1777551448031 0.0 48
1777551448034 0.0 49
1777551448037 0.0 50
