1777551438243 0.0 1
1777551438268 0.0 2
1777551438271 0.0 3
1777551438274 0.0 4
1777551438277 0.0 5
1777551438280 0.0 6
1777551438283 0.0 7
1777551438287 0.0 8
1777551438290 0.0 9
1777551438295 0.0 10
1777551438298 0.0 11
1777551438302 0.0 12
1777551438306 0.0 13
1777551438310 0.0 14
1777551438314 0.0 15
1777551438317 0.0 16
1777551438322 0.0 17
1777551438325 0.0 18
1777551438329 0.0 19
1777551438344 0.0 20
1777551438349 0.0 21
1777551438353 0.0 22
1777551438357 0.0 23
1777551438361 0.0 24
1777551438365 0.0 25
1777551438368 0.0 26
1777551438372 0.0 27
1777551438375 0.0 28
1777551438377 0.0 29
1777551438380 0.0 30
1777551438383 0.0 31
1777551438386 0.0 32
1777551438389 0.0 33
1777551438393 0.0 34
1777551438396 0.0 35
1777551438399 0.0 36
1777551438403 0.0 37
1777551438406 0.0 38
1777551438409 0.0 39
1777551438412 0.0 40
1777551438415 0.0 41
1777551438418 0.0 42
1777551438421 0.0 43
1777551438424 0.0 44
1777551438427 0.0 45
1777551438430 0.0 46
1777551438433 0.0 47
1777551438436 0.0 48
1777551438439 0.0 49
1777551438442 0.0 50
