1777551439548 0.0 1
1777551439552 0.0 2
1777551439555 0.0 3
1777551439559 0.0 4
1777551439561 0.0 5
1777551439564 0.0 6
1777551439567 0.0 7
1777551439570 0.0 8
1777551439573 0.0 9
1777551439576 0.0 10
1777551439579 0.0 11
1777551439582 0.0 12
1777551439585 0.0 13
1777551439588 0.0 14
1777551439590 0.0 15
1777551439593 0.0 16
1777551439596 0.0 17
1777551439599 0.0 18
1777551439602 0.0 19
1777551439604 0.0 20
1777551439608 0.0 21
1777551439610 0.0 22
1777551439614 0.0 23
1777551439617 0.0 24
1777551439619 0.0 25
1777551439623 0.0 26
1777551439625 0.0 27
1777551439629 0.0 28
1777551439631 0.0 29
1777551439634 0.0 30
1777551439638 0.0 31
1777551439640 0.0 32
1777551439643 0.0 33
1777551439646 0.0 34
1777551439649 0.0 35
1777551439653 0.0 36
1777551439656 0.0 37
1777551439659 0.0 38
1777551439661 0.0 39
1777551439664 0.0 40
1777551439668 0.0 41
1777551439671 0.0 42
1777551439674 0.0 43
1777551439677 0.0 44
1777551439680 0.0 45
1777551439683 0.0 46
1777551439686 0.0 47
1777551439689 0.0 48
1777551439692 0.0 49
1777551439695 0.0 50
