1777551445394 0.0 1
1777551445397 0.0 2
1777551445400 0.0 3
1777551445404 0.0 4
1777551445408 0.0 5
1777551445412 0.0 6
1777551445417 0.0 7
1777551445420 0.0 8
1777551445425 0.0 9
1777551445428 0.0 10
1777551445433 0.0 11
1777551445437 0.0 12
1777551445441 0.0 13
1777551445445 0.0 14
1777551445449 0.0 15
1777551445453 0.0 16
1777551445458 0.0 17
1777551445462 0.0 18
1777551445466 0.0 19
1777551445470 0.0 20
1777551445474 0.0 21
1777551445479 0.0 22
1777551445483 0.0 23
1777551445487 0.0 24
1777551445491 0.0 25
1777551445495 0.0 26
1777551445499 0.0 27
1777551445504 0.0 28
1777551445508 0.0 29
1777551445512 0.0 30
1777551445516 0.0 31
1777551445520 0.0 32
1777551445525 0.0 33
1777551445529 0.0 34
1777551445534 0.0 35
1777551445538 0.0 36
1777551445542 0.0 37
1777551445546 0.0 38
1777551445551 0.0 39
1777551445554 0.0 40
1777551445557 0.0 41
1777551445560 0.0 42
1777551445563 0.0 43
1777551445566 0.0 44
1777551445569 0.0 45
1777551445572 0.0 46
1777551445575 0.0 47
1777551445578 0.0 48
1777551445582 0.0 49
1777551445585 0.0 50
