1777551437250 0.0 1
1777551437254 0.0 2
1777551437258 0.0 3
1777551437261 0.0 4
1777551437265 0.0 5
1777551437269 0.0 6
1777551437273 0.0 7
1777551437277 0.0 8
1777551437282 0.0 9
1777551437285 0.0 10
1777551437289 0.0 11
1777551437293 0.0 12
1777551437297 0.0 13
1777551437300 0.0 14
1777551437304 0.0 15
1777551437307 0.0 16
1777551437311 0.0 17
1777551437315 0.0 18
1777551437319 0.0 19
1777551437323 0.0 20
1777551437327 0.0 21
1777551437332 0.0 22
1777551437336 0.0 23
1777551437340 0.0 24
1777551437344 0.0 25
1777551437348 0.0 26
1777551437352 0.0 27
1777551437356 0.0 28
1777551437360 0.0 29
1777551437364 0.0 30
1777551437368 0.0 31
1777551437371 0.0 32
1777551437374 0.0 33
1777551437378 0.0 34
1777551437382 0.0 35
1777551437385 0.0 36
1777551437389 0.0 37
1777551437393 0.0 38
1777551437397 0.0 39
1777551437401 0.0 40
1777551437404 0.0 41
1777551437408 0.0 42
1777551437412 0.0 43
1777551437416 0.0 44
1777551437420 0.0 45
1777551437423 0.0 46
1777551437427 0.0 47
1777551437431 0.0 48
1777551437435 0.0 49
1777551437439 0.0 50
