1777551443029 0.0 1
1777551443032 0.0 2
1777551443035 0.0 3
1777551443038 0.0 4
1777551443041 0.0 5
1777551443044 0.0 6
1777551443047 0.0 7
1777551443050 0.0 8
1777551443053 0.0 9
1777551443056 0.0 10
1777551443058 0.0 11
1777551443063 0.0 12
1777551443067 0.0 13
1777551443071 0.0 14
1777551443075 0.0 15
1777551443080 0.0 16
1777551443084 0.0 17
1777551443089 0.0 18
1777551443093 0.0 19
1777551443097 0.0 20
1777551443102 0.0 21
1777551443107 0.0 22
1777551443110 0.0 23
1777551443114 0.0 24
1777551443118 0.0 25
1777551443122 0.0 26
1777551443126 0.0 27
1777551443130 0.0 28
1777551443134 0.0 29
1777551443138 0.0 30
1777551443141 0.0 31
1777551443145 0.0 32
1777551443149 0.0 33
1777551443153 0.0 34
1777551443157 0.0 35
1777551443160 0.0 36
1777551443165 0.0 37
1777551443169 0.0 38
1777551443173 0.0 39
1777551443177 0.0 40
1777551443180 0.0 41
1777551443184 0.0 42
1777551443188 0.0 43
1777551443192 0.0 44
1777551443196 0.0 45
1777551443200 0.0 46
1777551443203 0.0 47
1777551443207 0.0 48
1777551443211 0.0 49
1777551443215 0.0 50
