1777551441398 0.0 1
1777551441401 0.0 2
1777551441405 0.0 3
1777551441408 0.0 4
1777551441411 0.0 5
1777551441415 0.0 6
1777551441418 0.0 7
1777551441422 0.0 8
1777551441425 0.0 9
1777551441428 0.0 10
1777551441431 0.0 11
1777551441434 0.0 12
1777551441438 0.0 13
1777551441442 0.0 14
1777551441445 0.0 15
1777551441448 0.0 16
1777551441451 0.0 17
1777551441454 0.0 18
1777551441458 0.0 19
1777551441461 0.0 20
1777551441464 0.0 21
1777551441467 0.0 22
1777551441471 0.0 23
1777551441473 0.0 24
1777551441477 0.0 25
1777551441479 0.0 26
1777551441483 0.0 27
1777551441485 0.0 28
1777551441488 0.0 29
1777551441492 0.0 30
1777551441495 0.0 31
1777551441498 0.0 32
1777551441501 0.0 33
1777551441504 0.0 34
1777551441507 0.0 35
1777551441510 0.0 36
1777551441513 0.0 37
1777551441516 0.0 38
1777551441519 0.0 39
1777551441522 0.0 40
1777551441525 0.0 41
1777551441528 0.0 42
1777551441536 0.0 43
1777551441539 0.0 44
1777551441542 0.0 45
1777551441545 0.0 46
1777551441548 0.0 47
1777551441551 0.0 48
1777551441555 0.0 49
1777551441558 0.0 50
