1777551414829 0.0 1
1777551414832 0.0 2
1777551414834 0.0 3
1777551414837 0.0 4
1777551414839 0.0 5
1777551414842 0.0 6
1777551414844 0.0 7
1777551414846 0.0 8
1777551414848 0.0 9
1777551414851 0.0 10
1777551414853 0.0 11
1777551414856 0.0 12
1777551414858 0.0 13
1777551414860 0.0 14
1777551414863 0.0 15
1777551414865 0.0 16
1777551414867 0.0 17
1777551414870 0.0 18
1777551414872 0.0 19
1777551414874 0.0 20
1777551414877 0.0 21
1777551414879 0.0 22
1777551414881 0.0 23
1777551414884 0.0 24
1777551414886 0.0 25
1777551414889 0.0 26
1777551414891 0.0 27
1777551414893 0.0 28
1777551414895 0.0 29
1777551414898 0.0 30
1777551414900 0.0 31
1777551414905 0.0 32
1777551414908 0.0 33
1777551414977 0.0 34
1777551414980 0.0 35
1777551414983 0.0 36
1777551414985 0.0 37
1777551414987 0.0 38
1777551414990 0.0 39
1777551414993 0.0 40
1777551414995 0.0 41
1777551414998 0.0 42
1777551415000 0.0 43
1777551415002 0.0 44
1777551415005 0.0 45
1777551415008 0.0 46
1777551415010 0.0 47
1777551415012 0.0 48
1777551415014 0.0 49
1777551415017 0.0 50
