1777551445727 0.0 1
1777551445730 0.0 2
1777551445733 0.0 3
1777551445736 0.0 4
1777551445739 0.0 5
1777551445743 0.0 6
1777551445746 0.0 7
1777551445749 0.0 8
1777551445753 0.0 9
1777551445757 0.0 10
1777551445760 0.0 11
1777551445763 0.0 12
1777551445765 0.0 13
1777551445768 0.0 14
1777551445771 0.0 15
1777551445774 0.0 16
1777551445777 0.0 17
1777551445780 0.0 18
1777551445783 0.0 19
1777551445786 0.0 20
1777551445789 0.0 21
1777551445792 0.0 22
1777551445795 0.0 23
1777551445798 0.0 24
1777551445801 0.0 25
1777551445804 0.0 26
1777551445807 0.0 27
1777551445810 0.0 28
1777551445813 0.0 29
1777551445816 0.0 30
1777551445819 0.0 31
1777551445822 0.0 32
1777551445825 0.0 33
1777551445828 0.0 34
1777551445831 0.0 35
1777551445833 0.0 36
1777551445836 0.0 37
1777551445839 0.0 38
1777551445842 0.0 39
1777551445846 0.0 40
1777551445849 0.0 41
1777551445853 0.0 42
1777551445855 0.0 43
1777551445858 0.0 44
1777551445861 0.0 45
1777551445864 0.0 46
1777551445867 0.0 47
1777551445870 0.0 48
1777551445873 0.0 49
1777551445876 0.0 50
