1777551443383 0.0 1
1777551443387 0.0 2
1777551443391 0.0 3
1777551443395 0.0 4
1777551443399 0.0 5
1777551443404 0.0 6
1777551443408 0.0 7
1777551443412 0.0 8
1777551443416 0.0 9
1777551443420 0.0 10
1777551443424 0.0 11
1777551443427 0.0 12
1777551443430 0.0 13
1777551443433 0.0 14
1777551443436 0.0 15
1777551443439 0.0 16
1777551443442 0.0 17
1777551443445 0.0 18
1777551443448 0.0 19
1777551443451 0.0 20
1777551443454 0.0 21
1777551443458 0.0 22
1777551443460 0.0 23
1777551443464 0.0 24
1777551443468 0.0 25
1777551443470 0.0 26
1777551443474 0.0 27
1777551443477 0.0 28
1777551443480 0.0 29
1777551443483 0.0 30
1777551443486 0.0 31
1777551443489 0.0 32
1777551443492 0.0 33
1777551443495 0.0 34
1777551443498 0.0 35
1777551443501 0.0 36
1777551443504 0.0 37
1777551443507 0.0 38
1777551443510 0.0 39
1777551443513 0.0 40
1777551443516 0.0 41
1777551443519 0.0 42
1777551443522 0.0 43
1777551443525 0.0 44
1777551443528 0.0 45
1777551443534 0.0 46
1777551443537 0.0 47
1777551443540 0.0 48
1777551443543 0.0 49
1777551443546 0.0 50
