1777551441075 0.0 1
1777551441078 0.0 2
1777551441081 0.0 3
1777551441084 0.0 4
1777551441088 0.0 5
1777551441090 0.0 6
1777551441094 0.0 7
1777551441097 0.0 8
1777551441100 0.0 9
1777551441102 0.0 10
1777551441106 0.0 11
1777551441109 0.0 12
1777551441112 0.0 13
1777551441115 0.0 14
1777551441118 0.0 15
1777551441122 0.0 16
1777551441124 0.0 17
1777551441127 0.0 18
1777551441130 0.0 19
1777551441133 0.0 20
1777551441136 0.0 21
1777551441139 0.0 22
1777551441142 0.0 23
1777551441145 0.0 24
1777551441148 0.0 25
1777551441151 0.0 26
1777551441154 0.0 27
1777551441157 0.0 28
1777551441160 0.0 29
1777551441164 0.0 30
1777551441166 0.0 31
1777551441169 0.0 32
1777551441172 0.0 33
1777551441176 0.0 34
1777551441179 0.0 35
1777551441182 0.0 36
1777551441186 0.0 37
1777551441189 0.0 38
1777551441192 0.0 39
1777551441195 0.0 40
1777551441199 0.0 41
1777551441202 0.0 42
1777551441205 0.0 43
1777551441208 0.0 44
1777551441211 0.0 45
1777551441214 0.0 46
1777551441217 0.0 47
1777551441220 0.0 48
1777551441222 0.0 49
1777551441226 0.0 50
