1777551435636 0.0 1
1777551435639 0.0 2
1777551435642 0.0 3
1777551435645 0.0 4
1777551435647 0.0 5
1777551435650 0.0 6
1777551435653 0.0 7
1777551435655 0.0 8
1777551435658 0.0 9
1777551435661 0.0 10
1777551435663 0.0 11
1777551435665 0.0 12
1777551435668 0.0 13
1777551435671 0.0 14
1777551435673 0.0 15
1777551435676 0.0 16
1777551435679 0.0 17
1777551435682 0.0 18
1777551435684 0.0 19
1777551435687 0.0 20
1777551435689 0.0 21
1777551435692 0.0 22
1777551435695 0.0 23
1777551435698 0.0 24
1777551435700 0.0 25
1777551435702 0.0 26
1777551435706 0.0 27
1777551435708 0.0 28
1777551435711 0.0 29
1777551435714 0.0 30
1777551435717 0.0 31
1777551435719 0.0 32
1777551435722 0.0 33
1777551435725 0.0 34
1777551435727 0.0 35
1777551435730 0.0 36
1777551435733 0.0 37
1777551435736 0.0 38
1777551435738 0.0 39
1777551435741 0.0 40
1777551435743 0.0 41
1777551435746 0.0 42
1777551435748 0.0 43
1777551435751 0.0 44
1777551435754 0.0 45
1777551435756 0.0 46
1777551435759 0.0 47
1777551435761 0.0 48
1777551435764 0.0 49
1777551435767 0.0 50
