1777551441709 0.0 1
1777551441712 0.0 2
1777551441717 0.0 3
1777551441721 0.0 4
1777551441725 0.0 5
1777551441729 0.0 6
1777551441733 0.0 7
1777551441737 0.0 8
1777551441741 0.0 9
1777551441745 0.0 10
1777551441749 0.0 11
1777551441753 0.0 12
1777551441758 0.0 13
1777551441762 0.0 14
1777551441766 0.0 15
1777551441770 0.0 16
1777551441775 0.0 17
1777551441779 0.0 18
1777551441783 0.0 19
1777551441787 0.0 20
1777551441791 0.0 21
1777551441795 0.0 22
1777551441799 0.0 23
1777551441803 0.0 24
1777551441807 0.0 25
1777551441811 0.0 26
1777551441816 0.0 27
1777551441820 0.0 28
1777551441824 0.0 29
1777551441827 0.0 30
1777551441832 0.0 31
1777551441836 0.0 32
1777551441840 0.0 33
1777551441844 0.0 34
1777551441848 0.0 35
1777551441852 0.0 36
1777551441856 0.0 37
1777551441860 0.0 38
1777551441864 0.0 39
1777551441867 0.0 40
1777551441871 0.0 41
1777551441874 0.0 42
1777551441878 0.0 43
1777551441881 0.0 44
1777551441885 0.0 45
1777551441889 0.0 46
1777551441892 0.0 47
1777551441895 0.0 48
1777551441898 0.0 49
1777551441901 0.0 50
