1777551449859 0.0 1
1777551449862 0.0 2
1777551449865 0.0 3
1777551449868 0.0 4
1777551449871 0.0 5
1777551449874 0.0 6
1777551449877 0.0 7
1777551449881 0.0 8
1777551449883 0.0 9
1777551449887 0.0 10
1777551449889 0.0 11
1777551449892 0.0 12
1777551449895 0.0 13
1777551449898 0.0 14
1777551449901 0.0 15
1777551449904 0.0 16
1777551449907 0.0 17
1777551449910 0.0 18
1777551449913 0.0 19
1777551449916 0.0 20
1777551449920 0.0 21
1777551449923 0.0 22
1777551449925 0.0 23
1777551449929 0.0 24
1777551449932 0.0 25
1777551449935 0.0 26
1777551449938 0.0 27
1777551449940 0.0 28
1777551449944 0.0 29
1777551449947 0.0 30
1777551449950 0.0 31
1777551449953 0.0 32
1777551449956 0.0 33
1777551449959 0.0 34
1777551449962 0.0 35
1777551449965 0.0 36
1777551449968 0.0 37
1777551449970 0.0 38
1777551449974 0.0 39
1777551449977 0.0 40
1777551449980 0.0 41
1777551449983 0.0 42
1777551449985 0.0 43
1777551449989 0.0 44
1777551449993 0.0 45
1777551449996 0.0 46
1777551449999 0.0 47
1777551450002 0.0 48
1777551450005 0.0 49
1777551450008 0.0 50
