1777551419273 0.0 1
1777551419276 0.0 2
1777551419279 0.0 3
1777551419281 0.0 4
1777551419285 0.0 5
1777551419288 0.0 6
1777551419290 0.0 7
1777551419293 0.0 8
1777551419295 0.0 9
1777551419298 0.0 10
1777551419300 0.0 11
1777551419303 0.0 12
1777551419305 0.0 13
1777551419308 0.0 14
1777551419310 0.0 15
1777551419312 0.0 16
1777551419315 0.0 17
1777551419317 0.0 18
1777551419319 0.0 19
1777551419322 0.0 20
1777551419325 0.0 21
1777551419327 0.0 22
1777551419330 0.0 23
1777551419332 0.0 24
1777551419335 0.0 25
1777551419337 0.0 26
1777551419340 0.0 27
1777551419342 0.0 28
1777551419345 0.0 29
1777551419348 0.0 30
1777551419350 0.0 31
1777551419353 0.0 32
1777551419355 0.0 33
1777551419357 0.0 34
1777551419360 0.0 35
1777551419362 0.0 36
1777551419365 0.0 37
1777551419368 0.0 38
1777551419370 0.0 39
1777551419373 0.0 40
1777551419375 0.0 41
1777551419378 0.0 42
1777551419380 0.0 43
1777551419383 0.0 44
1777551419385 0.0 45
1777551419388 0.0 46
1777551419390 0.0 47
1777551419393 0.0 48
1777551419395 0.0 49
1777551419398 0.0 50
