1777551442048 0.0 1
1777551442051 0.0 2
1777551442054 0.0 3
1777551442057 0.0 4
1777551442061 0.0 5
1777551442063 0.0 6
1777551442067 0.0 7
1777551442069 0.0 8
1777551442073 0.0 9
1777551442075 0.0 10
1777551442078 0.0 11
1777551442082 0.0 12
1777551442085 0.0 13
1777551442088 0.0 14
1777551442090 0.0 15
1777551442094 0.0 16
1777551442097 0.0 17
1777551442100 0.0 18
1777551442103 0.0 19
1777551442106 0.0 20
1777551442110 0.0 21
1777551442112 0.0 22
1777551442116 0.0 23
1777551442119 0.0 24
1777551442122 0.0 25
1777551442125 0.0 26
1777551442129 0.0 27
1777551442133 0.0 28
1777551442137 0.0 29
1777551442140 0.0 30
1777551442145 0.0 31
1777551442149 0.0 32
1777551442153 0.0 33
1777551442233 0.0 34
1777551442237 0.0 35
1777551442240 0.0 36
1777551442244 0.0 37
1777551442247 0.0 38
1777551442250 0.0 39
1777551442253 0.0 40
1777551442256 0.0 41
1777551442259 0.0 42
1777551442262 0.0 43
1777551442265 0.0 44
1777551442268 0.0 45
1777551442271 0.0 46
1777551442274 0.0 47
1777551442277 0.0 48
1777551442280 0.0 49
1777551442283 0.0 50
