1777551421493 0.396604 0
1777551421502 0.581342 1
1777551421510 0.520962 2
1777551421518 0.504976 3
1777551421526 0.616153 4
1777551421534 0.605359 5
1777551421542 0.545216 6
1777551421550 0.637983 7
1777551421559 0.627806 8
1777551421567 0.576597 9
1777551421575 0.660041 10
1777551421583 0.651849 11
1777551421591 0.5989 12
1777551421600 0.67222 13
1777551421608 0.662742 14
1777551421615 0.612779 15
1777551421623 0.686581 16
1777551421631 0.674736 17
1777551421639 0.631241 18
1777551421647 0.699793 19
1777551421655 0.682989 20
1777551421663 0.635169 21
1777551421671 0.70795 22
1777551421679 0.692947 23
1777551421687 0.65206 24
1777551421696 0.727711 25
1777551421704 0.703015 26
1777551421712 0.66236 27
1777551421720 0.737592 28
1777551421817 0.707361 29
1777551421825 0.66655 30
1777551421833 0.758387 31
1777551421841 0.722051 32
1777551421848 0.678378 33
1777551421857 0.764936 34
1777551421865 0.726287 35
1777551421873 0.688198 36
1777551421881 0.773552 37
1777551421890 0.733605 38
1777551421898 0.695356 39
1777551421907 0.775276 40
1777551421914 0.733935 41
1777551421923 0.703649 42
1777551421931 0.786305 43
1777551421940 0.744058 44
1777551421947 0.70989 45
1777551421956 0.792969 46
1777551421964 0.745434 47
1777551421972 0.714909 48
1777551421980 0.795611 49
1777551421988 0.75154 50
1777551421997 0.723726 51
1777551422005 0.798139 52
1777551422013 0.754676 53
1777551422021 0.726519 54
1777551422029 0.803194 55
1777551422037 0.759023 56
1777551422045 0.72988 57
1777551422053 0.80239 58
1777551422061 0.761444 59
1777551422069 0.736688 60
1777551422077 0.809398 61
1777551422085 0.765955 62
1777551422093 0.742842 63
1777551422101 0.812615 64
1777551422109 0.769091 65
1777551422117 0.7476 66
1777551422126 0.81204 67
1777551422134 0.776243 68
1777551422141 0.753797 69
1777551422150 0.821002 70
1777551422158 0.776408 71
1777551422166 0.753012 72
1777551422174 0.825368 73
1777551422182 0.77993 74
1777551422190 0.762657 75
1777551422198 0.824563 76
1777551422207 0.78158 77
1777551422215 0.76078 78
1777551422223 0.832146 79
1777551422231 0.784606 80
1777551422240 0.766498 81
1777551422248 0.831916 82
1777551422256 0.790218 83
1777551422264 0.767327 84
1777551422272 0.836857 85
1777551422280 0.791593 86
1777551422288 0.77143 87
1777551422296 0.836397 88
1777551422304 0.796435 89
1777551422312 0.772826 90
1777551422320 0.84375 91
1777551422329 0.800286 92
1777551422337 0.777627 93
1777551422344 0.845473 94
1777551422353 0.796545 95
1777551422361 0.782647 96
1777551422369 0.846852 97
1777551422377 0.806228 98
1777551422385 0.784087 99
1777551422394 0.846048 100
1777551422402 0.808979 101
1777551422410 0.787666 102
1777551422418 0.848805 103
1777551422425 0.803807 104
1777551422433 0.793602 105
1777551422442 0.84846 106
1777551422451 0.806393 107
1777551422459 0.788932 108
1777551422467 0.853401 109
1777551422475 0.81107 110
1777551422483 0.797966 111
1777551422491 0.855813 112
1777551422499 0.819157 113
1777551422507 0.793383 114
1777551422515 0.858341 115
1777551422523 0.81305 116
1777551422532 0.804207 117
1777551422540 0.850988 118
1777551422548 0.820037 119
1777551422556 0.803509 120
1777551422564 0.861098 121
1777551422572 0.822183 122
1777551422581 0.804513 123
1777551422588 0.861213 124
1777551422597 0.823944 125
1777551422604 0.807306 126
1777551422613 0.866613 127
1777551422621 0.825704 128
1777551422629 0.810449 129
1777551422636 0.863971 130
1777551422645 0.825814 131
1777551422653 0.80783 132
1777551422662 0.860869 133
1777551422670 0.82686 134
1777551422678 0.814682 135
1777551422686 0.866039 136
1777551422694 0.829776 137
1777551422702 0.817606 138
1777551422710 0.872587 139
1777551422718 0.82818 140
1777551422726 0.816384 141
1777551422734 0.86983 142
1777551422743 0.834782 143
1777551422751 0.816166 144
1777551422759 0.874426 145
1777551422767 0.835938 146
1777551422774 0.818916 147
1777551422782 0.877528 148
1777551422791 0.836653 149
