1777551421497 1.0 0
1777551421506 1.0 1
1777551421514 1.0 2
1777551421521 1.0 3
1777551421530 1.0 4
1777551421538 1.0 5
1777551421546 1.0 6
1777551421554 1.0 7
1777551421562 1.0 8
1777551421570 1.0 9
1777551421578 1.0 10
1777551421586 1.0 11
1777551421595 1.0 12
1777551421603 1.0 13
1777551421611 1.0 14
1777551421619 1.0 15
1777551421627 1.0 16
1777551421635 1.0 17
1777551421643 1.0 18
1777551421650 1.0 19
1777551421659 1.0 20
1777551421667 1.0 21
1777551421675 1.0 22
1777551421683 1.0 23
1777551421691 1.0 24
1777551421699 1.0 25
1777551421707 1.0 26
1777551421715 1.0 27
1777551421812 1.0 28
1777551421821 1.0 29
1777551421829 1.0 30
1777551421836 1.0 31
1777551421844 1.0 32
1777551421852 1.0 33
1777551421860 1.0 34
1777551421869 1.0 35
1777551421877 1.0 36
1777551421885 1.0 37
1777551421894 1.0 38
1777551421902 1.0 39
1777551421910 1.0 40
1777551421919 1.0 41
1777551421927 1.0 42
1777551421935 1.0 43
1777551421943 1.0 44
1777551421951 1.0 45
1777551421960 1.0 46
1777551421968 1.0 47
1777551421976 1.0 48
1777551421984 1.0 49
1777551421992 1.0 50
1777551422000 1.0 51
1777551422008 1.0 52
1777551422016 1.0 53
1777551422025 1.0 54
1777551422033 1.0 55
1777551422041 1.0 56
1777551422049 1.0 57
1777551422057 1.0 58
1777551422065 1.0 59
1777551422073 1.0 60
1777551422081 1.0 61
1777551422089 1.0 62
1777551422097 1.0 63
1777551422105 1.0 64
1777551422113 1.0 65
1777551422121 1.0 66
1777551422129 1.0 67
1777551422137 1.0 68
1777551422145 1.0 69
1777551422154 1.0 70
1777551422162 1.0 71
1777551422170 1.0 72
1777551422178 1.0 73
1777551422186 1.0 74
1777551422194 1.0 75
1777551422202 1.0 76
1777551422210 1.0 77
1777551422219 1.0 78
1777551422227 1.0 79
1777551422235 1.0 80
1777551422243 1.0 81
1777551422251 1.0 82
1777551422259 1.0 83
1777551422267 1.0 84
1777551422275 1.0 85
1777551422284 1.0 86
1777551422292 1.0 87
1777551422300 1.0 88
1777551422308 1.0 89
1777551422316 1.0 90
1777551422324 1.0 91
1777551422332 1.0 92
1777551422340 1.0 93
1777551422348 1.0 94
1777551422356 1.0 95
1777551422364 1.0 96
1777551422372 1.0 97
1777551422381 1.0 98
1777551422389 1.0 99
1777551422397 1.0 100
1777551422405 1.0 101
1777551422413 1.0 102
1777551422421 1.0 103
1777551422429 1.0 104
1777551422437 1.0 105
1777551422445 1.0 106
1777551422454 1.0 107
1777551422462 1.0 108
1777551422470 1.0 109
1777551422478 1.0 110
1777551422487 1.0 111
1777551422495 1.0 112
1777551422503 1.0 113
1777551422511 1.0 114
1777551422519 1.0 115
1777551422527 1.0 116
1777551422535 1.0 117
1777551422543 1.0 118
1777551422551 1.0 119
1777551422559 1.0 120
1777551422568 1.0 121
1777551422576 1.0 122
1777551422584 1.0 123
1777551422592 1.0 124
1777551422600 1.0 125
1777551422608 1.0 126
1777551422616 1.0 127
1777551422624 1.0 128
1777551422632 1.0 129
1777551422640 1.0 130
1777551422649 1.0 131
1777551422657 1.0 132
1777551422665 1.0 133
1777551422673 1.0 134
1777551422681 1.0 135
1777551422689 1.0 136
1777551422697 1.0 137
1777551422706 1.0 138
1777551422714 1.0 139
1777551422721 1.0 140
1777551422730 1.0 141
1777551422738 1.0 142
1777551422746 1.0 143
1777551422754 1.0 144
1777551422762 1.0 145
1777551422770 1.0 146
1777551422779 1.0 147
1777551422787 1.0 148
1777551422795 1.0 149
