1777551421501 3489.0 0
1777551421509 1713.0 1
1777551421517 2897.0 2
1777551421526 3489.0 3
1777551421533 1713.0 4
1777551421542 2897.0 5
1777551421550 3489.0 6
1777551421558 1713.0 7
1777551421566 2897.0 8
1777551421574 3489.0 9
1777551421581 1713.0 10
1777551421590 2897.0 11
1777551421599 3489.0 12
1777551421607 1713.0 13
1777551421614 2897.0 14
1777551421622 3489.0 15
1777551421630 1713.0 16
1777551421638 2897.0 17
1777551421646 3489.0 18
1777551421654 1713.0 19
1777551421662 2897.0 20
1777551421670 3489.0 21
1777551421679 1713.0 22
1777551421686 2897.0 23
1777551421695 3489.0 24
1777551421703 1713.0 25
1777551421710 2897.0 26
1777551421719 3489.0 27
1777551421815 1713.0 28
1777551421824 2897.0 29
1777551421832 3489.0 30
1777551421840 1713.0 31
1777551421848 2897.0 32
1777551421856 3489.0 33
1777551421864 1713.0 34
1777551421872 2897.0 35
1777551421880 3489.0 36
1777551421889 1713.0 37
1777551421897 2897.0 38
1777551421906 3489.0 39
1777551421914 1713.0 40
1777551421922 2897.0 41
1777551421931 3489.0 42
1777551421939 1713.0 43
1777551421947 2897.0 44
1777551421955 3489.0 45
1777551421963 1713.0 46
1777551421971 2897.0 47
1777551421979 3489.0 48
1777551421987 1713.0 49
1777551421996 2897.0 50
1777551422004 3489.0 51
1777551422011 1713.0 52
1777551422020 2897.0 53
1777551422028 3489.0 54
1777551422036 1713.0 55
1777551422044 2897.0 56
1777551422052 3489.0 57
1777551422060 1713.0 58
1777551422068 2897.0 59
1777551422076 3489.0 60
1777551422084 1713.0 61
1777551422092 2897.0 62
1777551422101 3489.0 63
1777551422108 1713.0 64
1777551422117 2897.0 65
1777551422125 3489.0 66
1777551422133 1713.0 67
1777551422141 2897.0 68
1777551422149 3489.0 69
1777551422157 1713.0 70
1777551422165 2897.0 71
1777551422173 3489.0 72
1777551422181 1713.0 73
1777551422189 2897.0 74
1777551422197 3489.0 75
1777551422206 1713.0 76
1777551422214 2897.0 77
1777551422222 3489.0 78
1777551422231 1713.0 79
1777551422239 2897.0 80
1777551422247 3489.0 81
1777551422255 1713.0 82
1777551422263 2897.0 83
1777551422271 3489.0 84
1777551422279 1713.0 85
1777551422287 2897.0 86
1777551422295 3489.0 87
1777551422303 1713.0 88
1777551422311 2897.0 89
1777551422320 3489.0 90
1777551422328 1713.0 91
1777551422335 2897.0 92
1777551422344 3489.0 93
1777551422352 1713.0 94
1777551422360 2897.0 95
1777551422367 3489.0 96
1777551422376 1713.0 97
1777551422384 2897.0 98
1777551422393 3489.0 99
1777551422400 1713.0 100
1777551422409 2897.0 101
1777551422417 3489.0 102
1777551422425 1713.0 103
1777551422433 2897.0 104
1777551422442 3489.0 105
1777551422450 1713.0 106
1777551422458 2897.0 107
1777551422466 3489.0 108
1777551422474 1713.0 109
1777551422482 2897.0 110
1777551422490 3489.0 111
1777551422498 1713.0 112
1777551422506 2897.0 113
1777551422514 3489.0 114
1777551422523 1713.0 115
1777551422531 2897.0 116
1777551422538 3489.0 117
1777551422547 1713.0 118
1777551422555 2897.0 119
1777551422563 3489.0 120
1777551422571 1713.0 121
1777551422580 2897.0 122
1777551422588 3489.0 123
1777551422596 1713.0 124
1777551422604 2897.0 125
1777551422612 3489.0 126
1777551422619 1713.0 127
1777551422628 2897.0 128
1777551422636 3489.0 129
1777551422645 1713.0 130
1777551422653 2897.0 131
1777551422661 3489.0 132
1777551422669 1713.0 133
1777551422677 2897.0 134
1777551422684 3489.0 135
1777551422693 1713.0 136
1777551422701 2897.0 137
1777551422709 3489.0 138
1777551422717 1713.0 139
1777551422725 2897.0 140
1777551422734 3489.0 141
1777551422741 1713.0 142
1777551422750 2897.0 143
1777551422758 3489.0 144
1777551422766 1713.0 145
1777551422774 2897.0 146
1777551422782 3489.0 147
1777551422790 1713.0 148
1777551422798 2897.0 149
