1777551421494 1.50602 0
1777551421503 0.964857 1
1777551421511 1.23433 2
1777551421519 1.31247 3
1777551421527 0.889573 4
1777551421535 1.05496 5
1777551421543 1.22657 6
1777551421551 0.854554 7
1777551421559 1.00794 8
1777551421568 1.15749 9
1777551421576 0.829621 10
1777551421583 0.955771 11
1777551421593 1.11311 12
1777551421601 0.812741 13
1777551421609 0.929862 14
1777551421616 1.07744 15
1777551421624 0.778588 16
1777551421632 0.901324 17
1777551421640 1.03726 18
1777551421648 0.757332 19
1777551421656 0.883051 20
1777551421664 1.02055 21
1777551421672 0.737449 22
1777551421680 0.858641 23
1777551421688 0.983545 24
1777551421696 0.713204 25
1777551421704 0.838662 26
1777551421713 0.957835 27
1777551421809 0.684193 28
1777551421818 0.81894 29
1777551421826 0.944808 30
1777551421834 0.64367 31
1777551421842 0.791371 32
1777551421850 0.918789 33
1777551421858 0.631007 34
1777551421866 0.779246 35
1777551421874 0.894789 36
1777551421883 0.622893 37
1777551421891 0.762436 38
1777551421899 0.877652 39
1777551421908 0.607706 40
1777551421916 0.756401 41
1777551421924 0.863083 42
1777551421932 0.592632 43
1777551421941 0.738089 44
1777551421949 0.83749 45
1777551421957 0.5716 46
1777551421965 0.722521 47
1777551421973 0.825819 48
1777551421980 0.571753 49
1777551421989 0.721698 50
1777551421998 0.804033 51
1777551422006 0.554537 52
1777551422014 0.703405 53
1777551422022 0.792315 54
1777551422030 0.549843 55
1777551422038 0.696553 56
1777551422046 0.784057 57
1777551422054 0.545807 58
1777551422062 0.683968 59
1777551422070 0.76885 60
1777551422078 0.529567 61
1777551422086 0.68087 62
1777551422094 0.754744 63
1777551422102 0.528097 64
1777551422110 0.669649 65
1777551422118 0.738207 66
1777551422127 0.518487 67
1777551422135 0.653358 68
1777551422143 0.721901 69
1777551422151 0.505119 70
1777551422159 0.646644 71
1777551422167 0.717555 72
1777551422174 0.497731 73
1777551422183 0.638853 74
1777551422191 0.697645 75
1777551422199 0.493474 76
1777551422207 0.624371 77
1777551422216 0.69937 78
1777551422224 0.477121 79
1777551422232 0.625968 80
1777551422241 0.683192 81
1777551422249 0.477595 82
1777551422257 0.614809 83
1777551422265 0.677795 84
1777551422273 0.46553 85
1777551422281 0.599384 86
1777551422289 0.67154 87
1777551422297 0.458643 88
1777551422305 0.591453 89
1777551422313 0.659882 90
1777551422321 0.454249 91
1777551422329 0.590474 92
1777551422338 0.645726 93
1777551422346 0.451173 94
1777551422354 0.587976 95
1777551422362 0.637986 96
1777551422370 0.437706 97
1777551422377 0.572985 98
1777551422386 0.632941 99
1777551422394 0.434204 100
1777551422402 0.562107 101
1777551422410 0.626002 102
1777551422419 0.434647 103
1777551422427 0.563753 104
1777551422435 0.607891 105
1777551422443 0.425075 106
1777551422451 0.562916 107
1777551422460 0.614965 108
1777551422468 0.426312 109
1777551422476 0.544035 110
1777551422484 0.599532 111
1777551422492 0.418106 112
1777551422500 0.537739 113
1777551422508 0.60596 114
1777551422516 0.408678 115
1777551422524 0.541632 116
1777551422532 0.581561 117
1777551422541 0.417799 118
1777551422549 0.528515 119
1777551422557 0.57827 120
1777551422565 0.404183 121
1777551422573 0.518205 122
1777551422581 0.575852 123
1777551422589 0.40298 124
1777551422598 0.518754 125
1777551422605 0.565959 126
1777551422614 0.384944 127
1777551422622 0.511753 128
1777551422630 0.556877 129
1777551422637 0.391666 130
1777551422646 0.507038 131
1777551422654 0.559034 132
1777551422662 0.388518 133
1777551422671 0.503179 134
1777551422679 0.543547 135
1777551422687 0.38127 136
1777551422695 0.491485 137
1777551422703 0.535346 138
1777551422711 0.371423 139
1777551422719 0.491927 140
1777551422727 0.535929 141
1777551422735 0.369387 142
1777551422743 0.478755 143
1777551422752 0.535263 144
1777551422760 0.365976 145
1777551422768 0.481834 146
1777551422776 0.521798 147
1777551422784 0.353459 148
1777551422792 0.469708 149
