1777551421500 360.635 0
1777551421508 69.2898 1
1777551421517 137.48 2
1777551421525 32.0095 3
1777551421533 15.1043 4
1777551421541 25.8191 5
1777551421548 32.0045 6
1777551421557 15.2463 7
1777551421565 25.5083 8
1777551421573 31.3578 9
1777551421581 15.6599 10
1777551421589 26.2652 11
1777551421598 31.0678 12
1777551421606 15.7008 13
1777551421613 26.0533 14
1777551421622 31.2311 15
1777551421629 16.6418 16
1777551421637 26.9098 17
1777551421646 32.6388 18
1777551421653 16.2406 19
1777551421661 25.6243 20
1777551421669 31.4491 21
1777551421677 15.3779 22
1777551421685 26.5643 23
1777551421694 31.3226 24
1777551421702 87.8825 25
1777551421710 25.3688 26
1777551421718 32.0899 27
1777551421815 15.6278 28
1777551421823 25.5366 29
1777551421831 31.1706 30
1777551421839 15.509 31
1777551421847 25.3655 32
1777551421855 31.4722 33
1777551421863 15.2336 34
1777551421871 26.339 35
1777551421880 31.8994 36
1777551421888 15.3283 37
1777551421897 25.8838 38
1777551421904 31.8619 39
1777551421913 15.5839 40
1777551421921 26.1637 41
1777551421930 31.1219 42
1777551421937 16.2167 43
1777551421946 25.6141 44
1777551421954 31.0438 45
1777551421962 15.2051 46
1777551421970 25.5469 47
1777551421978 31.1483 48
1777551421987 88.5419 49
1777551421995 26.6802 50
1777551422003 31.9237 51
1777551422011 15.4637 52
1777551422019 25.7032 53
1777551422027 32.351 54
1777551422035 15.8324 55
1777551422043 25.7373 56
1777551422051 31.6829 57
1777551422059 15.9248 58
1777551422067 25.4404 59
1777551422075 31.1579 60
1777551422084 15.5991 61
1777551422092 25.5666 62
1777551422100 31.284 63
1777551422107 15.4207 64
1777551422116 26.1266 65
1777551422124 31.0074 66
1777551422132 15.7382 67
1777551422140 26.2054 68
1777551422148 31.7501 69
1777551422156 15.817 70
1777551422164 26.0372 71
1777551422172 31.7979 72
1777551422180 15.9446 73
1777551422188 25.5002 74
1777551422197 171.353 75
1777551422205 69.0386 76
1777551422213 137.469 77
1777551422222 30.6106 78
1777551422230 15.9354 79
1777551422238 26.3367 80
1777551422245 31.5327 81
1777551422254 15.7227 82
1777551422262 25.9656 83
1777551422270 31.0181 84
1777551422278 15.6235 85
1777551422287 25.6588 86
1777551422295 31.3115 87
1777551422303 14.733 88
1777551422311 25.71 89
1777551422319 31.7311 90
1777551422327 15.4178 91
1777551422334 25.7951 92
1777551422342 31.084 93
1777551422351 15.6748 94
1777551422359 26.0206 95
1777551422367 31.8138 96
1777551422375 15.3908 97
1777551422384 25.5349 98
1777551422392 31.0266 99
1777551422400 15.3635 100
1777551422408 26.6785 101
1777551422416 31.2031 102
1777551422424 15.6417 103
1777551422432 25.9977 104
1777551422441 31.5512 105
1777551422449 15.7174 106
1777551422457 26.8173 107
1777551422465 31.7804 108
1777551422473 15.1922 109
1777551422481 27.4491 110
1777551422489 31.2258 111
1777551422497 15.8598 112
1777551422505 26.1094 113
1777551422514 31.1602 114
1777551422522 15.6502 115
1777551422529 26.0459 116
1777551422538 30.7976 117
1777551422546 15.6632 118
1777551422554 25.9344 119
1777551422562 31.7419 120
1777551422570 15.457 121
1777551422579 25.7599 122
1777551422587 30.8454 123
1777551422595 15.2308 124
1777551422603 25.4942 125
1777551422610 31.3163 126
1777551422618 15.2844 127
1777551422627 26.1323 128
1777551422635 31.8385 129
1777551422644 15.4552 130
1777551422652 25.094 131
1777551422660 31.3225 132
1777551422668 15.8442 133
1777551422675 25.7345 134
1777551422684 30.667 135
1777551422692 15.6576 136
1777551422700 25.4597 137
1777551422708 31.5189 138
1777551422716 14.8705 139
1777551422725 25.9152 140
1777551422733 30.6939 141
1777551422741 15.8148 142
1777551422749 25.7256 143
1777551422757 31.8816 144
1777551422765 15.3012 145
1777551422773 26.4678 146
1777551422781 172.68 147
1777551422789 68.3302 148
1777551422797 136.857 149
