1777551421498 1.72777 0
1777551421507 0.618706 1
1777551421515 1.31909 2
1777551421523 1.18993 3
1777551421531 0.496655 4
1777551421538 0.940214 5
1777551421547 1.23587 6
1777551421555 0.50099 7
1777551421563 1.03052 8
1777551421571 1.15519 9
1777551421579 0.481478 10
1777551421587 0.995738 11
1777551421596 1.16427 12
1777551421604 0.477592 13
1777551421612 0.979886 14
1777551421619 1.18764 15
1777551421628 0.497634 16
1777551421636 1.07958 17
1777551421643 1.25301 18
1777551421652 0.506913 19
1777551421660 1.01662 20
1777551421668 1.16979 21
1777551421675 0.474983 22
1777551421684 0.982047 23
1777551421692 1.1631 24
1777551421700 0.644394 25
1777551421708 1.05872 26
1777551421716 1.28183 27
1777551421813 0.502073 28
1777551421822 1.01982 29
1777551421829 1.12862 30
1777551421837 0.476198 31
1777551421845 0.989953 32
1777551421853 1.14679 33
1777551421861 0.475797 34
1777551421870 0.998311 35
1777551421878 1.18853 36
1777551421886 0.478099 37
1777551421895 0.976574 38
1777551421903 1.11709 39
1777551421911 0.468744 40
1777551421919 1.0158 41
1777551421928 1.14662 42
1777551421936 0.500857 43
1777551421944 1.01864 44
1777551421952 1.14858 45
1777551421960 0.4991 46
1777551421968 0.984463 47
1777551421976 1.20982 48
1777551421985 0.685315 49
1777551421993 1.01814 50
1777551422001 1.15577 51
1777551422009 0.471208 52
1777551422017 0.972453 53
1777551422025 1.18839 54
1777551422034 0.474735 55
1777551422042 0.962923 56
1777551422050 1.11094 57
1777551422058 0.492009 58
1777551422066 0.975462 59
1777551422074 1.14727 60
1777551422082 0.487482 61
1777551422090 1.00624 62
1777551422098 1.21842 63
1777551422106 0.480954 64
1777551422114 1.005 65
1777551422122 1.20413 66
1777551422130 0.481227 67
1777551422138 0.990801 68
1777551422146 1.18351 69
1777551422154 0.483334 70
1777551422163 1.00736 71
1777551422171 1.12508 72
1777551422179 0.494659 73
1777551422187 1.00435 74
1777551422195 1.67077 75
1777551422203 0.640703 76
1777551422212 1.41539 77
1777551422220 1.16473 78
1777551422228 0.510057 79
1777551422236 1.02493 80
1777551422244 1.19397 81
1777551422252 0.471616 82
1777551422260 0.995235 83
1777551422268 1.13659 84
1777551422277 0.477343 85
1777551422285 0.988557 86
1777551422293 1.17006 87
1777551422301 0.496803 88
1777551422309 1.02437 89
1777551422317 1.14555 90
1777551422325 0.495906 91
1777551422333 0.984215 92
1777551422341 1.23586 93
1777551422349 0.490589 94
1777551422357 0.999138 95
1777551422365 1.24006 96
1777551422373 0.469684 97
1777551422381 0.981431 98
1777551422390 1.09092 99
1777551422398 0.483019 100
1777551422406 0.988163 101
1777551422414 1.1789 102
1777551422422 0.475189 103
1777551422430 0.999531 104
1777551422438 1.11136 105
1777551422447 0.475415 106
1777551422455 0.967005 107
1777551422463 1.18689 108
1777551422471 0.473712 109
1777551422479 1.06959 110
1777551422487 1.22218 111
1777551422495 0.480367 112
1777551422504 0.959071 113
1777551422511 1.13231 114
1777551422520 0.486237 115
1777551422528 0.996157 116
1777551422536 1.16149 117
1777551422544 0.493039 118
1777551422552 0.996411 119
1777551422560 1.14605 120
1777551422568 0.45511 121
1777551422577 0.993599 122
1777551422585 1.17225 123
1777551422593 0.495661 124
1777551422601 1.038 125
1777551422609 1.18155 126
1777551422617 0.469206 127
1777551422625 0.962681 128
1777551422633 1.20027 129
1777551422642 0.466378 130
1777551422650 1.03505 131
1777551422658 1.17183 132
1777551422666 0.495131 133
1777551422674 0.9759 134
1777551422682 1.14509 135
1777551422690 0.503306 136
1777551422698 0.967121 137
1777551422706 1.19108 138
1777551422715 0.488316 139
1777551422723 0.989897 140
1777551422731 1.23623 141
1777551422739 0.501264 142
1777551422747 0.99642 143
1777551422755 1.16441 144
1777551422763 0.467435 145
1777551422771 1.01111 146
1777551422779 1.66791 147
1777551422787 0.644316 148
1777551422796 1.26449 149
