1777551421499 1.03292 0
1777551421508 0.619192 1
1777551421516 0.896508 2
1777551421524 1.0096 3
1777551421532 0.642382 4
1777551421540 0.940967 5
1777551421548 1.01224 6
1777551421556 0.64655 7
1777551421563 0.934134 8
1777551421572 1.00474 9
1777551421580 0.638841 10
1777551421589 0.929976 11
1777551421597 0.998206 12
1777551421605 0.631229 13
1777551421613 0.930165 14
1777551421621 0.993711 15
1777551421629 0.756448 16
1777551421637 1.01096 17
1777551421645 1.01915 18
1777551421653 0.659786 19
1777551421661 0.930105 20
1777551421668 1.02814 21
1777551421676 0.637788 22
1777551421685 0.929641 23
1777551421693 1.0184 24
1777551421701 0.62776 25
1777551421709 0.930796 26
1777551421718 1.00992 27
1777551421814 0.643367 28
1777551421822 0.929959 29
1777551421830 1.00433 30
1777551421838 0.649877 31
1777551421846 0.92419 32
1777551421854 1.01426 33
1777551421862 0.630097 34
1777551421871 0.93056 35
1777551421879 1.00552 36
1777551421887 0.62847 37
1777551421896 0.940018 38
1777551421904 0.994417 39
1777551421912 0.636163 40
1777551421920 0.929776 41
1777551421929 0.999689 42
1777551421937 0.63918 43
1777551421945 0.922873 44
1777551421953 1.00809 45
1777551421961 0.637445 46
1777551421969 0.928226 47
1777551421977 1.0059 48
1777551421986 0.656106 49
1777551421994 0.999492 50
1777551422002 1.02521 51
1777551422010 0.638697 52
1777551422018 0.922925 53
1777551422026 1.03966 54
1777551422034 0.629985 55
1777551422042 0.936335 56
1777551422051 1.01602 57
1777551422059 0.638711 58
1777551422067 0.922686 59
1777551422075 1.02945 60
1777551422083 0.631338 61
1777551422091 0.931297 62
1777551422099 1.00483 63
1777551422107 0.636386 64
1777551422114 0.934878 65
1777551422123 1.01168 66
1777551422131 0.634681 67
1777551422139 0.927832 68
1777551422147 0.98942 69
1777551422155 0.635889 70
1777551422163 0.92652 71
1777551422171 0.996836 72
1777551422179 0.63391 73
1777551422188 0.933335 74
1777551422196 1.00356 75
1777551422204 0.612181 76
1777551422212 1.01922 77
1777551422220 1.05862 78
1777551422229 0.662043 79
1777551422237 0.929589 80
1777551422245 1.02243 81
1777551422253 0.641094 82
1777551422261 0.923469 83
1777551422269 0.998822 84
1777551422278 0.638921 85
1777551422286 0.922948 86
1777551422294 1.00578 87
1777551422301 0.648192 88
1777551422309 0.93062 89
1777551422318 1.02553 90
1777551422326 0.63342 91
1777551422334 0.928657 92
1777551422342 1.01628 93
1777551422350 0.630621 94
1777551422358 0.934751 95
1777551422366 1.01372 96
1777551422374 0.629527 97
1777551422383 0.932506 98
1777551422391 1.01533 99
1777551422399 0.637445 100
1777551422407 0.927458 101
1777551422415 1.01535 102
1777551422423 0.641048 103
1777551422431 0.927625 104
1777551422439 1.01523 105
1777551422448 0.626447 106
1777551422456 0.926321 107
1777551422464 1.00335 108
1777551422472 0.632641 109
1777551422480 1.06093 110
1777551422488 1.0274 111
1777551422496 0.646522 112
1777551422505 0.927666 113
1777551422513 1.00174 114
1777551422521 0.640699 115
1777551422528 0.935594 116
1777551422537 1.01025 117
1777551422545 0.639883 118
1777551422553 0.92844 119
1777551422561 1.02241 120
1777551422569 0.631358 121
1777551422578 0.918851 122
1777551422586 1.00747 123
1777551422594 0.646021 124
1777551422602 0.934703 125
1777551422610 1.00666 126
1777551422618 0.633182 127
1777551422626 0.938732 128
1777551422634 0.995657 129
1777551422642 0.646608 130
1777551422651 0.926865 131
1777551422659 0.99744 132
1777551422667 0.645923 133
1777551422675 0.925175 134
1777551422683 1.0014 135
1777551422691 0.638043 136
1777551422699 0.990558 137
1777551422708 1.01081 138
1777551422716 0.63918 139
1777551422724 0.928238 140
1777551422731 1.00587 141
1777551422740 0.630282 142
1777551422748 0.942831 143
1777551422756 1.00061 144
1777551422764 0.626671 145
1777551422772 0.933404 146
1777551422780 1.13177 147
1777551422788 0.622725 148
1777551422796 0.90134 149
