1777551415386 0.0 1
1777551415388 0.0 2
1777551415391 0.0 3
1777551415393 0.0 4
1777551415395 0.0 5
1777551415398 0.0 6
1777551415400 0.0 7
1777551415403 0.0 8
1777551415405 0.0 9
1777551415407 0.0 10
1777551415409 0.0 11
1777551415455 0.0 12
1777551415458 0.0 13
1777551415460 0.0 14
1777551415463 0.0 15
1777551415465 0.0 16
1777551415467 0.0 17
1777551415470 0.0 18
1777551415472 0.0 19
1777551415475 0.0 20
1777551415477 0.0 21
1777551415480 0.0 22
1777551415482 0.0 23
1777551415484 0.0 24
1777551415487 0.0 25
1777551415489 0.0 26
1777551415492 0.0 27
1777551415494 0.0 28
1777551415496 0.0 29
1777551415499 0.0 30
1777551415501 0.0 31
1777551415504 0.0 32
1777551415506 0.0 33
1777551415508 0.0 34
1777551415511 0.0 35
1777551415513 0.0 36
1777551415515 0.0 37
1777551415518 0.0 38
