1777551417970 0.0 1
1777551417972 0.0 2
1777551417975 0.0 3
1777551417977 0.0 4
1777551417980 0.0 5
1777551417982 0.0 6
1777551417985 0.0 7
1777551417987 0.0 8
1777551417990 0.0 9
1777551417992 0.0 10
1777551417995 0.0 11
1777551417998 0.0 12
1777551418000 0.0 13
1777551418003 0.0 14
1777551418005 0.0 15
1777551418008 0.0 16
1777551418010 0.0 17
1777551418013 0.0 18
1777551418015 0.0 19
1777551418018 0.0 20
1777551418020 0.0 21
1777551418023 0.0 22
1777551418026 0.0 23
1777551418028 0.0 24
1777551418031 0.0 25
1777551418033 0.0 26
1777551418036 0.0 27
1777551418038 0.0 28
1777551418041 0.0 29
1777551418043 0.0 30
1777551418046 0.0 31
1777551418048 0.0 32
1777551418050 0.0 33
1777551418054 0.0 34
1777551418056 0.0 35
1777551418059 0.0 36
1777551418061 0.0 37
1777551418064 0.0 38
1777551418067 0.0 39
1777551418069 0.0 40
1777551418072 0.0 41
1777551418074 0.0 42
1777551418077 0.0 43
1777551418079 0.0 44
1777551418082 0.0 45
1777551418084 0.0 46
1777551418087 0.0 47
1777551418090 0.0 48
1777551418092 0.0 49
1777551418095 0.0 50
