1777551415143 0.0 1
1777551415145 0.0 2
1777551415148 0.0 3
1777551415151 0.0 4
1777551415153 0.0 5
1777551415156 0.0 6
1777551415158 0.0 7
1777551415161 0.0 8
1777551415163 0.0 9
1777551415165 0.0 10
1777551415167 0.0 11
1777551415170 0.0 12
1777551415172 0.0 13
1777551415175 0.0 14
1777551415177 0.0 15
1777551415180 0.0 16
1777551415182 0.0 17
1777551415184 0.0 18
1777551415186 0.0 19
1777551415189 0.0 20
1777551415192 0.0 21
1777551415194 0.0 22
1777551415196 0.0 23
1777551415198 0.0 24
1777551415201 0.0 25
1777551415203 0.0 26
1777551415205 0.0 27
1777551415208 0.0 28
1777551415211 0.0 29
1777551415213 0.0 30
1777551415215 0.0 31
1777551415218 0.0 32
1777551415220 0.0 33
1777551415223 0.0 34
1777551415225 0.0 35
1777551415227 0.0 36
1777551415230 0.0 37
1777551415232 0.0 38
1777551415235 0.0 39
1777551415237 0.0 40
1777551415239 0.0 41
1777551415242 0.0 42
1777551415244 0.0 43
1777551415246 0.0 44
1777551415249 0.0 45
1777551415251 0.0 46
1777551415253 0.0 47
1777551415255 0.0 48
1777551415258 0.0 49
1777551415261 0.0 50
