1777551443720 0.0 1
1777551443724 0.0 2
1777551443728 0.0 3
1777551443733 0.0 4
1777551443737 0.0 5
1777551443740 0.0 6
1777551443745 0.0 7
1777551443749 0.0 8
1777551443753 0.0 9
1777551443757 0.0 10
1777551443761 0.0 11
1777551443765 0.0 12
1777551443769 0.0 13
1777551443773 0.0 14
1777551443778 0.0 15
1777551443782 0.0 16
1777551443786 0.0 17
1777551443790 0.0 18
1777551443794 0.0 19
1777551443797 0.0 20
1777551443800 0.0 21
1777551443804 0.0 22
1777551443806 0.0 23
1777551443809 0.0 24
1777551443813 0.0 25
1777551443816 0.0 26
1777551443820 0.0 27
1777551443825 0.0 28
1777551443828 0.0 29
1777551443833 0.0 30
1777551443837 0.0 31
1777551443840 0.0 32
1777551443844 0.0 33
1777551443849 0.0 34
1777551443853 0.0 35
1777551443857 0.0 36
1777551443861 0.0 37
1777551443866 0.0 38
1777551443870 0.0 39
1777551443874 0.0 40
1777551443878 0.0 41
1777551443882 0.0 42
1777551443886 0.0 43
1777551443891 0.0 44
1777551443895 0.0 45
1777551443899 0.0 46
1777551443903 0.0 47
1777551443907 0.0 48
1777551443912 0.0 49
1777551443916 0.0 50
