1777551442410 0.0 1
1777551442413 0.0 2
1777551442416 0.0 3
1777551442419 0.0 4
1777551442422 0.0 5
1777551442425 0.0 6
1777551442428 0.0 7
1777551442431 0.0 8
1777551442433 0.0 9
1777551442437 0.0 10
1777551442440 0.0 11
1777551442443 0.0 12
1777551442446 0.0 13
1777551442449 0.0 14
1777551442452 0.0 15
1777551442455 0.0 16
1777551442458 0.0 17
1777551442461 0.0 18
1777551442464 0.0 19
1777551442467 0.0 20
1777551442470 0.0 21
1777551442473 0.0 22
1777551442476 0.0 23
1777551442479 0.0 24
1777551442482 0.0 25
1777551442485 0.0 26
1777551442488 0.0 27
1777551442491 0.0 28
1777551442494 0.0 29
1777551442498 0.0 30
1777551442500 0.0 31
1777551442503 0.0 32
1777551442507 0.0 33
1777551442510 0.0 34
1777551442513 0.0 35
1777551442516 0.0 36
1777551442519 0.0 37
1777551442522 0.0 38
1777551442525 0.0 39
1777551442528 0.0 40
1777551442531 0.0 41
1777551442534 0.0 42
1777551442537 0.0 43
1777551442540 0.0 44
1777551442543 0.0 45
1777551442546 0.0 46
1777551442549 0.0 47
1777551442552 0.0 48
1777551442555 0.0 49
1777551442558 0.0 50
