1777551416131 0.0 1
1777551416134 0.0 2
1777551416136 0.0 3
1777551416139 0.0 4
1777551416141 0.0 5
1777551416144 0.0 6
1777551416146 0.0 7
1777551416149 0.0 8
1777551416150 0.0 9
1777551416153 0.0 10
1777551416156 0.0 11
1777551416158 0.0 12
1777551416161 0.0 13
1777551416163 0.0 14
1777551416165 0.0 15
1777551416168 0.0 16
1777551416170 0.0 17
1777551416173 0.0 18
1777551416175 0.0 19
1777551416178 0.0 20
1777551416180 0.0 21
1777551416183 0.0 22
1777551416185 0.0 23
1777551416188 0.0 24
1777551416190 0.0 25
1777551416192 0.0 26
1777551416195 0.0 27
1777551416197 0.0 28
1777551416200 0.0 29
1777551416202 0.0 30
1777551416204 0.0 31
1777551416207 0.0 32
1777551416209 0.0 33
1777551416212 0.0 34
1777551416214 0.0 35
1777551416217 0.0 36
1777551416219 0.0 37
1777551416221 0.0 38
1777551416224 0.0 39
1777551416226 0.0 40
1777551416228 0.0 41
1777551416231 0.0 42
1777551416233 0.0 43
1777551416236 0.0 44
1777551416238 0.0 45
1777551416240 0.0 46
1777551416243 0.0 47
1777551416245 0.0 48
1777551416248 0.0 49
1777551416250 0.0 50
