1777551451555 0.0 1
1777551451558 0.0 2
1777551451561 0.0 3
1777551451563 0.0 4
1777551451567 0.0 5
1777551451570 0.0 6
1777551451573 0.0 7
1777551451575 0.0 8
1777551451578 0.0 9
1777551451581 0.0 10
1777551451583 0.0 11
1777551451586 0.0 12
1777551451589 0.0 13
1777551451592 0.0 14
1777551451595 0.0 15
1777551451597 0.0 16
1777551451601 0.0 17
1777551451604 0.0 18
1777551451607 0.0 19
1777551451612 0.0 20
1777551451616 0.0 21
1777551451620 0.0 22
1777551451624 0.0 23
1777551451628 0.0 24
1777551451632 0.0 25
1777551451635 0.0 26
1777551451639 0.0 27
1777551451643 0.0 28
1777551451647 0.0 29
1777551451651 0.0 30
1777551451655 0.0 31
1777551451659 0.0 32
1777551451663 0.0 33
1777551451667 0.0 34
1777551451671 0.0 35
1777551451675 0.0 36
1777551451679 0.0 37
1777551451682 0.0 38
1777551451686 0.0 39
1777551451690 0.0 40
1777551451694 0.0 41
1777551451698 0.0 42
1777551451702 0.0 43
1777551451787 0.0 44
1777551451791 0.0 45
1777551451795 0.0 46
1777551451799 0.0 47
1777551451803 0.0 48
1777551451807 0.0 49
1777551451811 0.0 50
