1777551444070 0.0 1
1777551444073 0.0 2
1777551444076 0.0 3
1777551444080 0.0 4
1777551444082 0.0 5
1777551444085 0.0 6
1777551444089 0.0 7
1777551444092 0.0 8
1777551444096 0.0 9
1777551444099 0.0 10
1777551444102 0.0 11
1777551444106 0.0 12
1777551444109 0.0 13
1777551444112 0.0 14
1777551444115 0.0 15
1777551444117 0.0 16
1777551444122 0.0 17
1777551444124 0.0 18
1777551444128 0.0 19
1777551444131 0.0 20
1777551444134 0.0 21
1777551444138 0.0 22
1777551444140 0.0 23
1777551444144 0.0 24
1777551444147 0.0 25
1777551444150 0.0 26
1777551444152 0.0 27
1777551444156 0.0 28
1777551444159 0.0 29
1777551444162 0.0 30
1777551444165 0.0 31
1777551444168 0.0 32
1777551444172 0.0 33
1777551444175 0.0 34
1777551444178 0.0 35
1777551444180 0.0 36
1777551444184 0.0 37
1777551444187 0.0 38
1777551444190 0.0 39
1777551444194 0.0 40
1777551444196 0.0 41
1777551444200 0.0 42
1777551444203 0.0 43
1777551444206 0.0 44
1777551444209 0.0 45
1777551444212 0.0 46
1777551444215 0.0 47
1777551444218 0.0 48
1777551444221 0.0 49
1777551444223 0.0 50
