1777551436883 0.0 1
1777551436887 0.0 2
1777551436891 0.0 3
1777551436895 0.0 4
1777551436899 0.0 5
1777551436903 0.0 6
1777551436907 0.0 7
1777551436911 0.0 8
1777551436915 0.0 9
1777551436919 0.0 10
1777551436922 0.0 11
1777551436926 0.0 12
1777551436930 0.0 13
1777551436934 0.0 14
1777551436937 0.0 15
1777551436942 0.0 16
1777551436946 0.0 17
1777551436950 0.0 18
1777551436953 0.0 19
1777551436958 0.0 20
1777551436961 0.0 21
1777551436965 0.0 22
1777551436969 0.0 23
1777551436973 0.0 24
1777551436977 0.0 25
1777551436981 0.0 26
1777551436983 0.0 27
1777551436987 0.0 28
1777551436989 0.0 29
1777551436993 0.0 30
1777551436997 0.0 31
1777551437002 0.0 32
1777551437005 0.0 33
1777551437009 0.0 34
1777551437014 0.0 35
1777551437018 0.0 36
1777551437021 0.0 37
1777551437025 0.0 38
1777551437029 0.0 39
1777551437033 0.0 40
1777551437037 0.0 41
1777551437041 0.0 42
1777551437045 0.0 43
1777551437048 0.0 44
1777551437052 0.0 45
1777551437056 0.0 46
1777551437060 0.0 47
1777551437064 0.0 48
1777551437068 0.0 49
1777551437071 0.0 50
