1777551420302 0.0 1
1777551420305 0.0 2
1777551420307 0.0 3
1777551420310 0.0 4
1777551420313 0.0 5
1777551420315 0.0 6
1777551420317 0.0 7
1777551420320 0.0 8
1777551420323 0.0 9
1777551420325 0.0 10
1777551420328 0.0 11
1777551420330 0.0 12
1777551420333 0.0 13
1777551420335 0.0 14
1777551420338 0.0 15
1777551420340 0.0 16
1777551420343 0.0 17
1777551420345 0.0 18
1777551420348 0.0 19
1777551420350 0.0 20
1777551420352 0.0 21
1777551420355 0.0 22
1777551420358 0.0 23
1777551420361 0.0 24
1777551420449 0.0 25
1777551420452 0.0 26
1777551420454 0.0 27
1777551420457 0.0 28
1777551420459 0.0 29
1777551420462 0.0 30
1777551420465 0.0 31
1777551420467 0.0 32
1777551420469 0.0 33
1777551420473 0.0 34
1777551420475 0.0 35
1777551420477 0.0 36
1777551420479 0.0 37
1777551420483 0.0 38
1777551420485 0.0 39
1777551420487 0.0 40
1777551420489 0.0 41
1777551420492 0.0 42
1777551420495 0.0 43
1777551420497 0.0 44
1777551420500 0.0 45
1777551420503 0.0 46
1777551420505 0.0 47
1777551420507 0.0 48
1777551420510 0.0 49
1777551420513 0.0 50
