1777551451961 0.0 1
1777551451965 0.0 2
1777551451968 0.0 3
1777551451972 0.0 4
1777551451976 0.0 5
1777551451980 0.0 6
1777551451982 0.0 7
1777551451986 0.0 8
1777551451989 0.0 9
1777551451991 0.0 10
1777551451994 0.0 11
1777551451997 0.0 12
1777551452000 0.0 13
1777551452003 0.0 14
1777551452006 0.0 15
1777551452008 0.0 16
1777551452011 0.0 17
1777551452014 0.0 18
1777551452017 0.0 19
1777551452021 0.0 20
1777551452026 0.0 21
1777551452030 0.0 22
1777551452033 0.0 23
1777551452036 0.0 24
1777551452038 0.0 25
1777551452041 0.0 26
1777551452045 0.0 27
1777551452048 0.0 28
1777551452051 0.0 29
1777551452054 0.0 30
1777551452059 0.0 31
1777551452063 0.0 32
1777551452067 0.0 33
1777551452070 0.0 34
1777551452075 0.0 35
1777551452078 0.0 36
1777551452083 0.0 37
1777551452086 0.0 38
1777551452089 0.0 39
1777551452092 0.0 40
1777551452095 0.0 41
1777551452098 0.0 42
1777551452100 0.0 43
1777551452103 0.0 44
1777551452106 0.0 45
1777551452109 0.0 46
1777551452114 0.0 47
1777551452117 0.0 48
1777551452121 0.0 49
1777551452126 0.0 50
