1777551417724 0.0 1
1777551417727 0.0 2
1777551417729 0.0 3
1777551417731 0.0 4
1777551417739 0.0 5
1777551417742 0.0 6
1777551417744 0.0 7
1777551417747 0.0 8
1777551417749 0.0 9
1777551417752 0.0 10
1777551417755 0.0 11
1777551417757 0.0 12
1777551417760 0.0 13
1777551417762 0.0 14
1777551417765 0.0 15
1777551417767 0.0 16
1777551417769 0.0 17
1777551417772 0.0 18
1777551417775 0.0 19
1777551417778 0.0 20
1777551417781 0.0 21
1777551417784 0.0 22
1777551417786 0.0 23
1777551417788 0.0 24
1777551417791 0.0 25
1777551417794 0.0 26
1777551417796 0.0 27
1777551417799 0.0 28
1777551417801 0.0 29
1777551417804 0.0 30
1777551417807 0.0 31
1777551417809 0.0 32
1777551417812 0.0 33
1777551417815 0.0 34
1777551417818 0.0 35
1777551417820 0.0 36
1777551417823 0.0 37
1777551417825 0.0 38
1777551417828 0.0 39
1777551417830 0.0 40
1777551417833 0.0 41
1777551417836 0.0 42
1777551417838 0.0 43
1777551417841 0.0 44
1777551417843 0.0 45
1777551417846 0.0 46
1777551417848 0.0 47
1777551417851 0.0 48
1777551417853 0.0 49
1777551417856 0.0 50
