1777551418684 0.0 1
1777551418686 0.0 2
1777551418689 0.0 3
1777551418691 0.0 4
1777551418694 0.0 5
1777551418696 0.0 6
1777551418699 0.0 7
1777551418701 0.0 8
1777551418704 0.0 9
1777551418706 0.0 10
1777551418709 0.0 11
1777551418711 0.0 12
1777551418714 0.0 13
1777551418716 0.0 14
1777551418719 0.0 15
1777551418721 0.0 16
1777551418723 0.0 17
1777551418726 0.0 18
1777551418728 0.0 19
1777551418731 0.0 20
1777551418734 0.0 21
1777551418736 0.0 22
1777551418739 0.0 23
1777551418741 0.0 24
1777551418744 0.0 25
1777551418746 0.0 26
1777551418749 0.0 27
1777551418751 0.0 28
1777551418754 0.0 29
1777551418756 0.0 30
1777551418759 0.0 31
1777551418762 0.0 32
1777551418764 0.0 33
1777551418767 0.0 34
1777551418769 0.0 35
1777551418771 0.0 36
1777551418774 0.0 37
1777551418776 0.0 38
1777551418779 0.0 39
1777551418781 0.0 40
1777551418784 0.0 41
1777551418786 0.0 42
1777551418788 0.0 43
1777551418792 0.0 44
1777551418794 0.0 45
1777551418797 0.0 46
1777551418799 0.0 47
1777551418802 0.0 48
1777551418804 0.0 49
1777551418806 0.0 50
