1777551447258 0.0 1
1777551447262 0.0 2
1777551447264 0.0 3
1777551447268 0.0 4
1777551447270 0.0 5
1777551447274 0.0 6
1777551447277 0.0 7
1777551447280 0.0 8
1777551447283 0.0 9
1777551447286 0.0 10
1777551447289 0.0 11
1777551447292 0.0 12
1777551447295 0.0 13
1777551447298 0.0 14
1777551447300 0.0 15
1777551447304 0.0 16
1777551447307 0.0 17
1777551447310 0.0 18
1777551447313 0.0 19
1777551447316 0.0 20
1777551447320 0.0 21
1777551447325 0.0 22
1777551447329 0.0 23
1777551447333 0.0 24
1777551447337 0.0 25
1777551447341 0.0 26
1777551447345 0.0 27
1777551447349 0.0 28
1777551447353 0.0 29
1777551447358 0.0 30
1777551447362 0.0 31
1777551447366 0.0 32
1777551447370 0.0 33
1777551447373 0.0 34
1777551447378 0.0 35
1777551447382 0.0 36
1777551447386 0.0 37
1777551447390 0.0 38
1777551447394 0.0 39
1777551447399 0.0 40
1777551447403 0.0 41
1777551447407 0.0 42
1777551447411 0.0 43
1777551447415 0.0 44
1777551447419 0.0 45
1777551447424 0.0 46
1777551447428 0.0 47
1777551447432 0.0 48
1777551447435 0.0 49
1777551447440 0.0 50
