1777551449546 0.0 1
1777551449548 0.0 2
1777551449552 0.0 3
1777551449556 0.0 4
1777551449559 0.0 5
1777551449562 0.0 6
1777551449565 0.0 7
1777551449568 0.0 8
1777551449570 0.0 9
1777551449574 0.0 10
1777551449577 0.0 11
1777551449580 0.0 12
1777551449582 0.0 13
1777551449586 0.0 14
1777551449589 0.0 15
1777551449592 0.0 16
1777551449595 0.0 17
1777551449598 0.0 18
1777551449601 0.0 19
1777551449604 0.0 20
1777551449607 0.0 21
1777551449611 0.0 22
1777551449614 0.0 23
1777551449617 0.0 24
1777551449621 0.0 25
1777551449625 0.0 26
1777551449629 0.0 27
1777551449634 0.0 28
1777551449638 0.0 29
1777551449642 0.0 30
1777551449646 0.0 31
1777551449650 0.0 32
1777551449655 0.0 33
1777551449659 0.0 34
1777551449663 0.0 35
1777551449667 0.0 36
1777551449672 0.0 37
1777551449676 0.0 38
1777551449680 0.0 39
1777551449684 0.0 40
1777551449689 0.0 41
1777551449692 0.0 42
1777551449697 0.0 43
1777551449701 0.0 44
1777551449705 0.0 45
1777551449709 0.0 46
1777551449713 0.0 47
1777551449718 0.0 48
1777551449722 0.0 49
1777551449725 0.0 50
