1777551425954 0.409014 0
1777551425963 0.52753 1
1777551425971 0.518261 2
1777551425979 0.626986 3
1777551425987 0.760653 4
1777551425995 0.521995 5
1777551426003 0.604074 6
1777551426011 0.568806 7
1777551426019 0.648835 8
1777551426027 0.767519 9
1777551426036 0.558173 10
1777551426044 0.63644 11
1777551426052 0.594127 12
1777551426060 0.653867 13
1777551426069 0.77983 14
1777551426077 0.569892 15
1777551426085 0.658296 16
1777551426093 0.614928 17
1777551426101 0.658104 18
1777551426109 0.797822 19
1777551426117 0.593089 20
1777551426125 0.669178 21
1777551426134 0.623588 22
1777551426142 0.659031 23
1777551426150 0.794744 24
1777551426158 0.60631 25
1777551426166 0.686663 26
1777551426175 0.63573 27
1777551426183 0.670418 28
1777551426191 0.797822 29
1777551426200 0.613882 30
1777551426208 0.693359 31
1777551426216 0.647308 32
1777551426223 0.671743 33
1777551426232 0.812027 34
1777551426240 0.62494 35
1777551426247 0.70638 36
1777551426255 0.655591 37
1777551426264 0.68035 38
1777551426271 0.81392 39
1777551426279 0.629627 40
1777551426287 0.716239 41
1777551426295 0.662839 42
1777551426303 0.677304 43
1777551426311 0.815104 44
1777551426319 0.632512 45
1777551426327 0.719773 46
1777551426335 0.670181 47
1777551426343 0.685117 48
1777551426351 0.814631 49
1777551426359 0.639423 50
1777551426368 0.727772 51
1777551426378 0.677523 52
1777551426388 0.693591 53
1777551426397 0.822206 54
1777551426407 0.648738 55
1777551426416 0.732887 56
1777551426424 0.689853 57
1777551426433 0.690678 58
1777551426441 0.820786 59
1777551426451 0.654507 60
1777551426459 0.730097 61
1777551426466 0.69936 62
1777551426475 0.698093 63
1777551426483 0.825047 64
1777551426491 0.657091 65
1777551426503 0.73763 66
1777551426511 0.704631 67
1777551426519 0.702728 68
1777551426526 0.831203 69
1777551426535 0.6628 70
1777551426543 0.741164 71
1777551426551 0.703502 72
1777551426559 0.709084 73
1777551426567 0.824811 74
1777551426575 0.669651 75
1777551426583 0.749442 76
1777551426591 0.716209 77
1777551426598 0.71875 78
1777551426606 0.83286 79
1777551426614 0.676923 80
1777551426622 0.755115 81
1777551426630 0.724398 82
1777551426638 0.716499 83
1777551426646 0.836648 84
1777551426654 0.678005 85
1777551426662 0.756882 86
1777551426670 0.730704 87
1777551426678 0.723517 88
1777551426686 0.839962 89
1777551426695 0.679928 90
1777551426702 0.758092 91
1777551426710 0.738046 92
1777551426718 0.724179 93
1777551426727 0.835938 94
1777551426735 0.679026 95
1777551426743 0.764044 96
1777551426751 0.737011 97
1777551426759 0.730932 98
1777551426767 0.836884 99
1777551426775 0.684375 100
1777551426783 0.767857 101
1777551426791 0.743129 102
1777551426800 0.738083 103
1777551426808 0.84233 104
1777551426816 0.692488 105
1777551426824 0.774368 106
1777551426831 0.747929 107
1777551426840 0.740996 108
1777551426848 0.837121 109
1777551426857 0.696995 110
1777551426866 0.7766 111
1777551426874 0.748023 112
1777551426882 0.741261 113
1777551426890 0.838305 114
1777551426898 0.700901 115
1777551426906 0.775856 116
1777551426914 0.758471 117
1777551426922 0.747617 118
1777551426930 0.852273 119
1777551426938 0.702464 120
1777551426945 0.783761 121
1777551426953 0.756118 122
1777551426961 0.739274 123
1777551426969 0.849195 124
1777551426977 0.703846 125
1777551426985 0.780878 126
1777551426993 0.767508 127
1777551427001 0.755032 128
1777551427009 0.851799 129
1777551427017 0.710938 130
1777551427025 0.784877 131
1777551427033 0.767602 132
1777551427041 0.755959 133
1777551427049 0.852273 134
1777551427057 0.715685 135
1777551427065 0.787667 136
1777551427073 0.769861 137
1777551427081 0.75715 138
1777551427089 0.852036 139
1777551427097 0.716707 140
1777551427105 0.796317 141
1777551427113 0.772779 142
1777551427122 0.755164 143
1777551427130 0.852509 144
1777551427138 0.720793 145
1777551427146 0.790923 146
1777551427154 0.777579 147
1777551427162 0.764168 148
1777551427170 0.85322 149
1777551427270 0.726382 150
1777551427278 0.796317 151
1777551427286 0.780968 152
1777551427294 0.76973 153
1777551427302 0.854167 154
1777551427310 0.730769 155
1777551427318 0.800967 156
1777551427326 0.783509 157
1777551427335 0.770392 158
1777551427343 0.857718 159
1777551427350 0.731791 160
1777551427359 0.803385 161
1777551427367 0.790569 162
1777551427375 0.773967 163
1777551427383 0.855114 164
1777551427391 0.73744 165
1777551427398 0.808594 166
1777551427406 0.787462 167
1777551427414 0.782044 168
1777551427422 0.861032 169
1777551427430 0.735877 170
1777551427438 0.808222 171
1777551427447 0.791604 172
1777551427456 0.776218 173
1777551427464 0.857481 174
1777551427472 0.741286 175
1777551427481 0.80785 176
1777551427489 0.794616 177
1777551427497 0.779793 178
1777551427505 0.861979 179
1777551427513 0.74393 180
1777551427521 0.816313 181
1777551427529 0.800734 182
1777551427537 0.781118 183
1777551427545 0.865767 184
1777551427553 0.747957 185
1777551427561 0.814081 186
1777551427569 0.79791 187
1777551427578 0.786282 188
1777551427586 0.861032 189
1777551427594 0.749099 190
1777551427602 0.814732 191
1777551427610 0.808641 192
1777551427618 0.78125 193
1777551427625 0.866241 194
1777551427634 0.749339 195
1777551427641 0.818173 196
1777551427649 0.804311 197
1777551427657 0.78946 198
1777551427665 0.866951 199
1777551427673 0.757692 200
1777551427681 0.822452 201
1777551427689 0.80977 202
1777551427697 0.792903 203
1777551427705 0.869792 204
1777551427714 0.756791 205
1777551427722 0.820126 206
1777551427730 0.810523 207
1777551427737 0.792903 208
1777551427745 0.874053 209
1777551427754 0.752644 210
1777551427762 0.822359 211
1777551427769 0.813065 212
1777551427777 0.801774 213
1777551427785 0.868608 214
1777551427793 0.764183 215
1777551427801 0.82394 216
1777551427809 0.815889 217
1777551427817 0.799921 218
1777551427825 0.873106 219
1777551427833 0.762079 220
1777551427841 0.827102 221
1777551427849 0.8173 222
1777551427857 0.807336 223
1777551427865 0.872159 224
1777551427873 0.764062 225
1777551427880 0.832589 226
1777551427889 0.821066 227
1777551427897 0.798464 228
1777551427905 0.870265 229
1777551427913 0.764303 230
1777551427921 0.83045 231
1777551427929 0.821442 232
1777551427937 0.804688 233
1777551427944 0.875 234
1777551427953 0.767788 235
1777551427961 0.836496 236
1777551427969 0.82436 237
1777551427977 0.813559 238
1777551427985 0.872159 239
1777551427993 0.77512 240
1777551428001 0.832775 241
1777551428009 0.829537 242
1777551428016 0.809852 243
1777551428024 0.877841 244
1777551428032 0.771575 245
1777551428040 0.8391 246
1777551428048 0.824548 247
1777551428056 0.806939 248
1777551428064 0.884706 249
