1777551425958 1.0 0
1777551425967 1.0 1
1777551425975 1.0 2
1777551425982 1.0 3
1777551425991 1.0 4
1777551425999 1.0 5
1777551426007 1.0 6
1777551426014 1.0 7
1777551426023 1.0 8
1777551426031 1.0 9
1777551426039 1.0 10
1777551426047 1.0 11
1777551426056 1.0 12
1777551426064 1.0 13
1777551426072 1.0 14
1777551426080 1.0 15
1777551426088 1.0 16
1777551426097 1.0 17
1777551426105 1.0 18
1777551426113 1.0 19
1777551426120 1.0 20
1777551426129 1.0 21
1777551426138 1.0 22
1777551426146 1.0 23
1777551426153 1.0 24
1777551426162 1.0 25
1777551426170 1.0 26
1777551426179 1.0 27
1777551426186 1.0 28
1777551426195 1.0 29
1777551426203 1.0 30
1777551426211 1.0 31
1777551426219 1.0 32
1777551426227 1.0 33
1777551426235 1.0 34
1777551426243 1.0 35
1777551426251 1.0 36
1777551426259 1.0 37
1777551426267 1.0 38
1777551426275 1.0 39
1777551426283 1.0 40
1777551426291 1.0 41
1777551426298 1.0 42
1777551426307 1.0 43
1777551426315 1.0 44
1777551426323 1.0 45
1777551426330 1.0 46
1777551426338 1.0 47
1777551426346 1.0 48
1777551426355 1.0 49
1777551426363 1.0 50
1777551426373 1.0 51
1777551426382 1.0 52
1777551426392 1.0 53
1777551426402 1.0 54
1777551426410 1.0 55
1777551426420 1.0 56
1777551426428 1.0 57
1777551426436 1.0 58
1777551426445 1.0 59
1777551426454 1.0 60
1777551426462 1.0 61
1777551426471 1.0 62
1777551426478 1.0 63
1777551426486 1.0 64
1777551426499 1.0 65
1777551426507 1.0 66
1777551426515 1.0 67
1777551426523 1.0 68
1777551426530 1.0 69
1777551426538 1.0 70
1777551426546 1.0 71
1777551426554 1.0 72
1777551426562 1.0 73
1777551426570 1.0 74
1777551426578 1.0 75
1777551426586 1.0 76
1777551426594 1.0 77
1777551426602 1.0 78
1777551426610 1.0 79
1777551426617 1.0 80
1777551426626 1.0 81
1777551426634 1.0 82
1777551426642 1.0 83
1777551426650 1.0 84
1777551426658 1.0 85
1777551426666 1.0 86
1777551426674 1.0 87
1777551426682 1.0 88
1777551426689 1.0 89
1777551426698 1.0 90
1777551426706 1.0 91
1777551426714 1.0 92
1777551426722 1.0 93
1777551426730 1.0 94
1777551426739 1.0 95
1777551426747 1.0 96
1777551426754 1.0 97
1777551426763 1.0 98
1777551426771 1.0 99
1777551426779 1.0 100
1777551426787 1.0 101
1777551426795 1.0 102
1777551426803 1.0 103
1777551426811 1.0 104
1777551426819 1.0 105
1777551426827 1.0 106
1777551426836 1.0 107
1777551426844 1.0 108
1777551426852 1.0 109
1777551426861 1.0 110
1777551426869 1.0 111
1777551426877 1.0 112
1777551426885 1.0 113
1777551426893 1.0 114
1777551426901 1.0 115
1777551426909 1.0 116
1777551426917 1.0 117
1777551426925 1.0 118
1777551426933 1.0 119
1777551426941 1.0 120
1777551426949 1.0 121
1777551426957 1.0 122
1777551426965 1.0 123
1777551426973 1.0 124
1777551426981 1.0 125
1777551426989 1.0 126
1777551426997 1.0 127
1777551427005 1.0 128
1777551427013 1.0 129
1777551427020 1.0 130
1777551427029 1.0 131
1777551427036 1.0 132
1777551427044 1.0 133
1777551427052 1.0 134
1777551427060 1.0 135
1777551427069 1.0 136
1777551427077 1.0 137
1777551427085 1.0 138
1777551427092 1.0 139
1777551427101 1.0 140
1777551427109 1.0 141
1777551427117 1.0 142
1777551427125 1.0 143
1777551427133 1.0 144
1777551427141 1.0 145
1777551427150 1.0 146
1777551427158 1.0 147
1777551427166 1.0 148
1777551427174 1.0 149
1777551427273 1.0 150
1777551427282 1.0 151
1777551427289 1.0 152
1777551427297 1.0 153
1777551427305 1.0 154
1777551427314 1.0 155
1777551427322 1.0 156
1777551427330 1.0 157
1777551427338 1.0 158
1777551427346 1.0 159
1777551427354 1.0 160
1777551427362 1.0 161
1777551427370 1.0 162
1777551427378 1.0 163
1777551427386 1.0 164
1777551427393 1.0 165
1777551427402 1.0 166
1777551427410 1.0 167
1777551427418 1.0 168
1777551427426 1.0 169
1777551427434 1.0 170
1777551427442 1.0 171
1777551427451 1.0 172
1777551427459 1.0 173
1777551427468 1.0 174
1777551427476 1.0 175
1777551427484 1.0 176
1777551427492 1.0 177
1777551427501 1.0 178
1777551427509 1.0 179
1777551427517 1.0 180
1777551427525 1.0 181
1777551427532 1.0 182
1777551427541 1.0 183
1777551427549 1.0 184
1777551427557 1.0 185
1777551427565 1.0 186
1777551427573 1.0 187
1777551427581 1.0 188
1777551427589 1.0 189
1777551427597 1.0 190
1777551427605 1.0 191
1777551427613 1.0 192
1777551427621 1.0 193
1777551427629 1.0 194
1777551427637 1.0 195
1777551427645 1.0 196
1777551427653 1.0 197
1777551427661 1.0 198
1777551427669 1.0 199
1777551427677 1.0 200
1777551427685 1.0 201
1777551427693 1.0 202
1777551427701 1.0 203
1777551427709 1.0 204
1777551427717 1.0 205
1777551427725 1.0 206
1777551427733 1.0 207
1777551427741 1.0 208
1777551427749 1.0 209
1777551427757 1.0 210
1777551427765 1.0 211
1777551427773 1.0 212
1777551427780 1.0 213
1777551427789 1.0 214
1777551427797 1.0 215
1777551427805 1.0 216
1777551427813 1.0 217
1777551427820 1.0 218
1777551427829 1.0 219
1777551427836 1.0 220
1777551427845 1.0 221
1777551427853 1.0 222
1777551427861 1.0 223
1777551427869 1.0 224
1777551427877 1.0 225
1777551427884 1.0 226
1777551427893 1.0 227
1777551427901 1.0 228
1777551427909 1.0 229
1777551427917 1.0 230
1777551427925 1.0 231
1777551427933 1.0 232
1777551427941 1.0 233
1777551427948 1.0 234
1777551427956 1.0 235
1777551427964 1.0 236
1777551427972 1.0 237
1777551427980 1.0 238
1777551427988 1.0 239
1777551427996 1.0 240
1777551428004 1.0 241
1777551428012 1.0 242
1777551428020 1.0 243
1777551428028 1.0 244
1777551428036 1.0 245
1777551428043 1.0 246
1777551428052 1.0 247
1777551428060 1.0 248
1777551428068 1.0 249
