1777551425962 2705.0 0
1777551425970 1969.0 1
1777551425978 1953.0 2
1777551425986 1569.0 3
1777551425994 1153.0 4
1777551426002 2705.0 5
1777551426011 1969.0 6
1777551426019 1953.0 7
1777551426027 1569.0 8
1777551426035 1153.0 9
1777551426043 2705.0 10
1777551426052 1969.0 11
1777551426060 1953.0 12
1777551426068 1569.0 13
1777551426076 1153.0 14
1777551426084 2705.0 15
1777551426092 1969.0 16
1777551426100 1953.0 17
1777551426108 1569.0 18
1777551426116 1153.0 19
1777551426125 2705.0 20
1777551426133 1969.0 21
1777551426142 1953.0 22
1777551426149 1569.0 23
1777551426157 1153.0 24
1777551426166 2705.0 25
1777551426174 1969.0 26
1777551426182 1953.0 27
1777551426190 1569.0 28
1777551426199 1153.0 29
1777551426207 2705.0 30
1777551426214 1969.0 31
1777551426223 1953.0 32
1777551426231 1569.0 33
1777551426238 1153.0 34
1777551426247 2705.0 35
1777551426254 1969.0 36
1777551426263 1953.0 37
1777551426270 1569.0 38
1777551426278 1153.0 39
1777551426286 2705.0 40
1777551426294 1969.0 41
1777551426302 1953.0 42
1777551426310 1569.0 43
1777551426318 1153.0 44
1777551426326 2705.0 45
1777551426334 1969.0 46
1777551426342 1953.0 47
1777551426350 1569.0 48
1777551426358 1153.0 49
1777551426367 2705.0 50
1777551426377 1969.0 51
1777551426387 1953.0 52
1777551426396 1569.0 53
1777551426405 1153.0 54
1777551426415 2705.0 55
1777551426423 1969.0 56
1777551426432 1953.0 57
1777551426441 1569.0 58
1777551426449 1153.0 59
1777551426458 2705.0 60
1777551426466 1969.0 61
1777551426474 1953.0 62
1777551426482 1569.0 63
1777551426490 1153.0 64
1777551426502 2705.0 65
1777551426510 1969.0 66
1777551426518 1953.0 67
1777551426526 1569.0 68
1777551426534 1153.0 69
1777551426542 2705.0 70
1777551426550 1969.0 71
1777551426558 1953.0 72
1777551426566 1569.0 73
1777551426574 1153.0 74
1777551426582 2705.0 75
1777551426590 1969.0 76
1777551426598 1953.0 77
1777551426605 1569.0 78
1777551426613 1153.0 79
1777551426621 2705.0 80
1777551426629 1969.0 81
1777551426637 1953.0 82
1777551426645 1569.0 83
1777551426653 1153.0 84
1777551426661 2705.0 85
1777551426669 1969.0 86
1777551426677 1953.0 87
1777551426685 1569.0 88
1777551426694 1153.0 89
1777551426702 2705.0 90
1777551426710 1969.0 91
1777551426718 1953.0 92
1777551426726 1569.0 93
1777551426734 1153.0 94
1777551426742 2705.0 95
1777551426750 1969.0 96
1777551426758 1953.0 97
1777551426766 1569.0 98
1777551426774 1153.0 99
1777551426783 2705.0 100
1777551426791 1969.0 101
1777551426799 1953.0 102
1777551426807 1569.0 103
1777551426815 1153.0 104
1777551426823 2705.0 105
1777551426831 1969.0 106
1777551426839 1953.0 107
1777551426847 1569.0 108
1777551426856 1153.0 109
1777551426865 2705.0 110
1777551426873 1969.0 111
1777551426881 1953.0 112
1777551426889 1569.0 113
1777551426897 1153.0 114
1777551426905 2705.0 115
1777551426913 1969.0 116
1777551426921 1953.0 117
1777551426929 1569.0 118
1777551426937 1153.0 119
1777551426945 2705.0 120
1777551426953 1969.0 121
1777551426960 1953.0 122
1777551426968 1569.0 123
1777551426976 1153.0 124
1777551426984 2705.0 125
1777551426992 1969.0 126
1777551427000 1953.0 127
1777551427008 1569.0 128
1777551427016 1153.0 129
1777551427024 2705.0 130
1777551427032 1969.0 131
1777551427040 1953.0 132
1777551427048 1569.0 133
1777551427056 1153.0 134
1777551427064 2705.0 135
1777551427072 1969.0 136
1777551427080 1953.0 137
1777551427088 1569.0 138
1777551427096 1153.0 139
1777551427104 2705.0 140
1777551427112 1969.0 141
1777551427121 1953.0 142
1777551427128 1569.0 143
1777551427137 1153.0 144
1777551427145 2705.0 145
1777551427154 1969.0 146
1777551427162 1953.0 147
1777551427170 1569.0 148
1777551427269 1153.0 149
1777551427277 2705.0 150
1777551427285 1969.0 151
1777551427293 1953.0 152
1777551427301 1569.0 153
1777551427308 1153.0 154
1777551427317 2705.0 155
1777551427326 1969.0 156
1777551427334 1953.0 157
1777551427342 1569.0 158
1777551427350 1153.0 159
1777551427358 2705.0 160
1777551427366 1969.0 161
1777551427374 1953.0 162
1777551427382 1569.0 163
1777551427390 1153.0 164
1777551427398 2705.0 165
1777551427406 1969.0 166
1777551427413 1953.0 167
1777551427421 1569.0 168
1777551427429 1153.0 169
1777551427437 2705.0 170
1777551427446 1969.0 171
1777551427455 1953.0 172
1777551427463 1569.0 173
1777551427471 1153.0 174
1777551427479 2705.0 175
1777551427488 1969.0 176
1777551427496 1953.0 177
1777551427504 1569.0 178
1777551427512 1153.0 179
1777551427520 2705.0 180
1777551427528 1969.0 181
1777551427536 1953.0 182
1777551427544 1569.0 183
1777551427552 1153.0 184
1777551427561 2705.0 185
1777551427569 1969.0 186
1777551427577 1953.0 187
1777551427585 1569.0 188
1777551427593 1153.0 189
1777551427601 2705.0 190
1777551427609 1969.0 191
1777551427617 1953.0 192
1777551427625 1569.0 193
1777551427632 1153.0 194
1777551427641 2705.0 195
1777551427649 1969.0 196
1777551427657 1953.0 197
1777551427665 1569.0 198
1777551427672 1153.0 199
1777551427680 2705.0 200
1777551427688 1969.0 201
1777551427696 1953.0 202
1777551427704 1569.0 203
1777551427713 1153.0 204
1777551427721 2705.0 205
1777551427729 1969.0 206
1777551427737 1953.0 207
1777551427745 1569.0 208
1777551427753 1153.0 209
1777551427760 2705.0 210
1777551427769 1969.0 211
1777551427777 1953.0 212
1777551427784 1569.0 213
1777551427792 1153.0 214
1777551427800 2705.0 215
1777551427808 1969.0 216
1777551427816 1953.0 217
1777551427824 1569.0 218
1777551427832 1153.0 219
1777551427840 2705.0 220
1777551427848 1969.0 221
1777551427856 1953.0 222
1777551427864 1569.0 223
1777551427872 1153.0 224
1777551427880 2705.0 225
1777551427888 1969.0 226
1777551427896 1953.0 227
1777551427904 1569.0 228
1777551427912 1153.0 229
1777551427920 2705.0 230
1777551427928 1969.0 231
1777551427936 1953.0 232
1777551427944 1569.0 233
1777551427952 1153.0 234
1777551427960 2705.0 235
1777551427968 1969.0 236
1777551427976 1953.0 237
1777551427984 1569.0 238
1777551427992 1153.0 239
1777551428000 2705.0 240
1777551428008 1969.0 241
1777551428016 1953.0 242
1777551428024 1569.0 243
1777551428032 1153.0 244
1777551428039 2705.0 245
1777551428047 1969.0 246
1777551428055 1953.0 247
1777551428063 1569.0 248
1777551428071 1153.0 249
