1777551425955 1.3712 0
1777551425964 1.29556 1
1777551425972 1.32211 2
1777551425980 1.05592 3
1777551425988 0.88902 4
1777551425996 1.1383 5
1777551426004 1.0899 6
1777551426012 1.18191 7
1777551426020 0.976471 8
1777551426029 0.828865 9
1777551426037 1.05772 10
1777551426044 1.01161 11
1777551426053 1.11568 12
1777551426061 0.947529 13
1777551426069 0.792624 14
1777551426078 1.01597 15
1777551426086 0.957255 16
1777551426094 1.06684 17
1777551426102 0.924927 18
1777551426110 0.740605 19
1777551426118 0.976353 20
1777551426126 0.926984 21
1777551426135 1.04173 22
1777551426143 0.921322 23
1777551426151 0.739447 24
1777551426159 0.953461 25
1777551426167 0.888392 26
1777551426176 1.01115 27
1777551426184 0.900375 28
1777551426193 0.722705 29
1777551426201 0.938403 30
1777551426208 0.871883 31
1777551426217 0.978135 32
1777551426225 0.879211 33
1777551426233 0.693649 34
1777551426241 0.919287 35
1777551426249 0.85227 36
1777551426256 0.95239 37
1777551426264 0.876547 38
1777551426272 0.681729 39
1777551426280 0.901156 40
1777551426288 0.825871 41
1777551426296 0.947814 42
1777551426304 0.86793 43
1777551426312 0.676244 44
1777551426320 0.894293 45
1777551426328 0.803629 46
1777551426336 0.918865 47
1777551426344 0.847686 48
1777551426352 0.654758 49
1777551426360 0.874927 50
1777551426369 0.784765 51
1777551426379 0.902342 52
1777551426388 0.829775 53
1777551426398 0.649742 54
1777551426407 0.862648 55
1777551426417 0.773199 56
1777551426425 0.888088 57
1777551426433 0.833972 58
1777551426442 0.646343 59
1777551426451 0.849966 60
1777551426460 0.769414 61
1777551426468 0.855811 62
1777551426476 0.811307 63
1777551426484 0.628849 64
1777551426491 0.838543 65
1777551426504 0.753733 66
1777551426512 0.841046 67
1777551426520 0.802455 68
1777551426528 0.611109 69
1777551426536 0.829209 70
1777551426544 0.738897 71
1777551426551 0.83885 72
1777551426560 0.787128 73
1777551426568 0.623877 74
1777551426576 0.818883 75
1777551426583 0.73013 76
1777551426591 0.817144 77
1777551426599 0.772889 78
1777551426607 0.58433 79
1777551426615 0.814028 80
1777551426623 0.71479 81
1777551426631 0.794457 82
1777551426639 0.760236 83
1777551426647 0.583874 84
1777551426655 0.79781 85
1777551426663 0.697668 86
1777551426671 0.788471 87
1777551426679 0.76099 88
1777551426687 0.584715 89
1777551426695 0.795459 90
1777551426703 0.688125 91
1777551426711 0.765546 92
1777551426720 0.759076 93
1777551426728 0.587981 94
1777551426736 0.786166 95
1777551426744 0.685857 96
1777551426752 0.749582 97
1777551426760 0.738203 98
1777551426768 0.571689 99
1777551426776 0.78461 100
1777551426784 0.666185 101
1777551426792 0.738623 102
1777551426800 0.724954 103
1777551426809 0.571003 104
1777551426817 0.770065 105
1777551426825 0.651373 106
1777551426833 0.728511 107
1777551426841 0.71511 108
1777551426849 0.564539 109
1777551426858 0.75808 110
1777551426867 0.650398 111
1777551426875 0.721513 112
1777551426882 0.719709 113
1777551426891 0.562689 114
1777551426899 0.755618 115
1777551426907 0.646092 116
1777551426915 0.704995 117
1777551426923 0.695163 118
1777551426930 0.555328 119
1777551426938 0.747531 120
1777551426946 0.632094 121
1777551426954 0.692216 122
1777551426962 0.69723 123
1777551426970 0.535148 124
1777551426978 0.737463 125
1777551426986 0.63297 126
1777551426994 0.676435 127
1777551427002 0.677611 128
1777551427010 0.536798 129
1777551427018 0.728457 130
1777551427026 0.62144 131
1777551427034 0.68103 132
1777551427041 0.680628 133
1777551427050 0.522921 134
1777551427058 0.723832 135
1777551427066 0.609833 136
1777551427074 0.659298 137
1777551427082 0.6765 138
1777551427090 0.524062 139
1777551427098 0.708878 140
1777551427106 0.597668 141
1777551427114 0.660177 142
1777551427123 0.663553 143
1777551427131 0.526622 144
1777551427139 0.700362 145
1777551427147 0.596539 146
1777551427155 0.643282 147
1777551427163 0.647132 148
1777551427171 0.515756 149
1777551427271 0.689769 150
1777551427278 0.582847 151
1777551427287 0.639711 152
1777551427295 0.639062 153
1777551427302 0.528871 154
1777551427311 0.687514 155
1777551427319 0.573065 156
1777551427327 0.632609 157
1777551427335 0.640676 158
1777551427343 0.510181 159
1777551427351 0.680127 160
1777551427359 0.582124 161
1777551427367 0.615507 162
1777551427375 0.623445 163
1777551427383 0.508386 164
1777551427391 0.668323 165
1777551427399 0.563344 166
1777551427407 0.612065 167
1777551427415 0.619725 168
1777551427423 0.494636 169
1777551427431 0.658914 170
1777551427439 0.562769 171
1777551427448 0.606704 172
1777551427456 0.635817 173
1777551427465 0.502999 174
1777551427474 0.659021 175
1777551427481 0.550972 176
1777551427489 0.59918 177
1777551427498 0.617786 178
1777551427506 0.48847 179
1777551427514 0.647635 180
1777551427522 0.541611 181
1777551427530 0.579718 182
1777551427538 0.602553 183
1777551427546 0.484046 184
1777551427554 0.640473 185
1777551427562 0.536892 186
1777551427570 0.57733 187
1777551427578 0.599546 188
1777551427587 0.484947 189
1777551427595 0.635695 190
1777551427602 0.534195 191
1777551427611 0.574679 192
1777551427618 0.598709 193
1777551427626 0.469818 194
1777551427634 0.633867 195
1777551427642 0.531157 196
1777551427650 0.570059 197
1777551427658 0.598149 198
1777551427666 0.476721 199
1777551427674 0.618429 200
1777551427682 0.524969 201
1777551427690 0.554031 202
1777551427698 0.584805 203
1777551427706 0.47002 204
1777551427714 0.619264 205
1777551427722 0.528125 206
1777551427730 0.550116 207
1777551427739 0.583892 208
1777551427747 0.464891 209
1777551427755 0.61989 210
1777551427763 0.515606 211
1777551427770 0.544702 212
1777551427778 0.568598 213
1777551427786 0.445807 214
1777551427794 0.606313 215
1777551427802 0.507834 216
1777551427810 0.537417 217
1777551427818 0.567373 218
1777551427826 0.440979 219
1777551427833 0.6043 220
1777551427842 0.503639 221
1777551427850 0.537242 222
1777551427858 0.558812 223
1777551427865 0.443752 224
1777551427874 0.60401 225
1777551427882 0.493621 226
1777551427890 0.530219 227
1777551427898 0.552671 228
1777551427906 0.453015 229
1777551427914 0.594432 230
1777551427922 0.481894 231
1777551427930 0.52103 232
1777551427938 0.541184 233
1777551427946 0.440309 234
1777551427954 0.592178 235
1777551427962 0.468149 236
1777551427970 0.515882 237
1777551427977 0.535375 238
1777551427986 0.430254 239
1777551427994 0.579941 240
1777551428001 0.47724 241
1777551428009 0.501015 242
1777551428017 0.545775 243
1777551428025 0.429058 244
1777551428033 0.579361 245
1777551428041 0.468022 246
1777551428049 0.502146 247
1777551428057 0.543616 248
1777551428065 0.411775 249
