1777551425960 0.855863 0
1777551425968 0.684901 1
1777551425977 0.674035 2
1777551425984 0.625157 3
1777551425993 0.576175 4
1777551426001 0.852767 5
1777551426009 0.692864 6
1777551426017 0.664413 7
1777551426024 0.610117 8
1777551426033 0.539548 9
1777551426041 0.968209 10
1777551426049 0.69611 11
1777551426058 0.660307 12
1777551426066 0.601177 13
1777551426074 0.495671 14
1777551426082 0.849053 15
1777551426090 0.708082 16
1777551426098 0.658766 17
1777551426106 0.585664 18
1777551426115 0.494065 19
1777551426123 0.845394 20
1777551426131 0.691898 21
1777551426140 0.662947 22
1777551426148 0.593537 23
1777551426156 0.487698 24
1777551426164 0.866689 25
1777551426172 0.692369 26
1777551426180 0.663856 27
1777551426188 0.609663 28
1777551426197 0.490741 29
1777551426205 0.835907 30
1777551426213 0.684795 31
1777551426221 0.702574 32
1777551426229 0.568934 33
1777551426237 0.479888 34
1777551426245 0.839901 35
1777551426253 0.669197 36
1777551426261 0.656677 37
1777551426268 0.57323 38
1777551426277 0.47766 39
1777551426285 0.828039 40
1777551426293 0.661641 41
1777551426301 0.656396 42
1777551426308 0.568807 43
1777551426316 0.466811 44
1777551426324 0.837293 45
1777551426332 0.664776 46
1777551426340 0.663628 47
1777551426349 0.572008 48
1777551426357 0.479491 49
1777551426365 0.831417 50
1777551426375 0.669072 51
1777551426385 0.657463 52
1777551426394 0.710277 53
1777551426404 0.489332 54
1777551426412 0.845628 55
1777551426421 0.66459 56
1777551426430 0.66434 57
1777551426438 0.567155 58
1777551426447 0.488063 59
1777551426456 0.864319 60
1777551426464 0.657644 61
1777551426472 0.664678 62
1777551426480 0.568078 63
1777551426488 0.478689 64
1777551426500 0.830184 65
1777551426509 0.665438 66
1777551426516 0.650509 67
1777551426524 0.554753 68
1777551426532 0.476808 69
1777551426540 0.842086 70
1777551426548 0.655441 71
1777551426556 0.652229 72
1777551426564 0.581001 73
1777551426572 0.490375 74
1777551426580 0.821874 75
1777551426588 0.668307 76
1777551426596 0.672467 77
1777551426604 0.569127 78
1777551426611 0.472567 79
1777551426620 0.833222 80
1777551426628 0.662517 81
1777551426636 0.654478 82
1777551426644 0.570566 83
1777551426652 0.479527 84
1777551426659 0.840496 85
1777551426667 0.658306 86
1777551426675 0.661322 87
1777551426683 0.594334 88
1777551426692 0.470242 89
1777551426700 0.828173 90
1777551426708 0.663419 91
1777551426716 0.659343 92
1777551426724 0.563186 93
1777551426732 0.484295 94
1777551426740 0.826622 95
1777551426748 0.662723 96
1777551426757 0.659833 97
1777551426765 0.571679 98
1777551426773 0.477717 99
1777551426781 0.832852 100
1777551426789 0.668512 101
1777551426797 0.662091 102
1777551426805 0.573027 103
1777551426813 0.46994 104
1777551426821 0.82704 105
1777551426829 0.685381 106
1777551426837 0.808345 107
1777551426846 0.594504 108
1777551426854 0.479742 109
1777551426863 0.849039 110
1777551426871 0.664131 111
1777551426879 0.660677 112
1777551426887 0.578947 113
1777551426895 0.520988 114
1777551426903 0.822593 115
1777551426911 0.651572 116
1777551426919 0.656246 117
1777551426927 0.565371 118
1777551426935 0.472314 119
1777551426942 0.848901 120
1777551426951 0.661471 121
1777551426959 0.663278 122
1777551426967 0.572915 123
1777551426975 0.483849 124
1777551426983 0.826343 125
1777551426990 0.650903 126
1777551426998 0.66008 127
1777551427006 0.563237 128
1777551427014 0.481598 129
1777551427022 0.840029 130
1777551427030 0.657478 131
1777551427038 0.654078 132
1777551427046 0.562016 133
1777551427054 0.485722 134
1777551427062 0.853432 135
1777551427071 0.659237 136
1777551427079 0.649575 137
1777551427087 0.566872 138
1777551427095 0.482256 139
1777551427103 0.836393 140
1777551427110 0.664408 141
1777551427119 0.868019 142
1777551427127 0.621102 143
1777551427135 0.473118 144
1777551427143 0.83089 145
1777551427152 0.674063 146
1777551427160 0.673444 147
1777551427168 0.561215 148
1777551427176 0.477053 149
1777551427275 0.836659 150
1777551427283 0.65308 151
1777551427291 0.662411 152
1777551427299 0.57738 153
1777551427307 0.475273 154
1777551427316 0.839083 155
1777551427324 0.671925 156
1777551427332 0.667943 157
1777551427340 0.569265 158
1777551427348 0.488502 159
1777551427356 0.833224 160
1777551427364 0.655873 161
1777551427372 0.660998 162
1777551427380 0.577628 163
1777551427388 0.480184 164
1777551427396 0.830801 165
1777551427404 0.653163 166
1777551427411 0.660378 167
1777551427420 0.587623 168
1777551427428 0.477619 169
1777551427436 0.834928 170
1777551427444 0.65816 171
1777551427453 0.649169 172
1777551427461 0.577631 173
1777551427469 0.47993 174
1777551427478 0.840959 175
1777551427486 0.662223 176
1777551427494 0.658748 177
1777551427502 0.570269 178
1777551427510 0.488792 179
1777551427518 0.833698 180
1777551427527 0.662636 181
1777551427535 0.671162 182
1777551427543 0.562245 183
1777551427551 0.481691 184
1777551427559 0.824571 185
1777551427567 0.797172 186
1777551427575 0.663356 187
1777551427583 0.563078 188
1777551427591 0.478265 189
1777551427599 0.844231 190
1777551427607 0.670999 191
1777551427615 0.65807 192
1777551427623 0.575217 193
1777551427631 0.476532 194
1777551427639 0.819343 195
1777551427646 0.815986 196
1777551427655 0.722196 197
1777551427663 0.580509 198
1777551427671 0.487189 199
1777551427679 0.836509 200
1777551427687 0.655661 201
1777551427695 0.647712 202
1777551427703 0.560958 203
1777551427710 0.476472 204
1777551427719 0.827986 205
1777551427727 0.645967 206
1777551427735 0.650547 207
1777551427743 0.570609 208
1777551427751 0.478633 209
1777551427759 0.82728 210
1777551427767 0.672067 211
1777551427775 0.659046 212
1777551427783 0.565861 213
1777551427790 0.490478 214
1777551427798 0.858834 215
1777551427806 0.653041 216
1777551427814 0.664187 217
1777551427822 0.570562 218
1777551427830 0.476129 219
1777551427838 0.830368 220
1777551427846 0.664573 221
1777551427854 0.66103 222
1777551427862 0.568257 223
1777551427870 0.484047 224
1777551427878 0.840007 225
1777551427886 0.647459 226
1777551427895 0.661291 227
1777551427903 0.575422 228
1777551427911 0.485878 229
1777551427918 0.841683 230
1777551427926 0.65393 231
1777551427934 0.656709 232
1777551427942 0.585828 233
1777551427950 0.475928 234
1777551427958 0.825876 235
1777551427966 0.666465 236
1777551427974 0.657582 237
1777551427982 0.570702 238
1777551427990 0.481127 239
1777551427998 0.842104 240
1777551428006 0.647613 241
1777551428014 0.654826 242
1777551428022 0.57253 243
1777551428030 0.481725 244
1777551428038 0.966462 245
1777551428045 0.758799 246
1777551428053 0.654139 247
1777551428061 0.567326 248
1777551428069 0.477489 249
