1777551425959 1.25546 0
1777551425967 0.819465 1
1777551425976 0.757763 2
1777551425984 0.575649 3
1777551425991 0.38159 4
1777551426000 0.861769 5
1777551426008 0.61629 6
1777551426015 0.523301 7
1777551426024 0.457598 8
1777551426032 0.242035 9
1777551426040 0.843329 10
1777551426048 0.572423 11
1777551426057 0.52475 12
1777551426065 0.401443 13
1777551426073 0.222877 14
1777551426081 0.783173 15
1777551426089 0.579792 16
1777551426098 0.529251 17
1777551426106 0.403539 18
1777551426114 0.212177 19
1777551426122 0.820393 20
1777551426130 0.537291 21
1777551426139 0.519636 22
1777551426147 0.408294 23
1777551426155 0.220132 24
1777551426163 1.28382 25
1777551426171 0.566514 26
1777551426179 0.550555 27
1777551426187 0.409366 28
1777551426196 0.224146 29
1777551426204 0.799454 30
1777551426212 0.581577 31
1777551426220 0.555157 32
1777551426228 0.385509 33
1777551426236 0.208071 34
1777551426244 0.863244 35
1777551426252 0.531207 36
1777551426260 0.516935 37
1777551426268 0.356922 38
1777551426276 0.194208 39
1777551426284 0.849499 40
1777551426292 0.551282 41
1777551426300 0.505842 42
1777551426308 0.404312 43
1777551426315 0.20629 44
1777551426323 0.82671 45
1777551426331 0.537955 46
1777551426339 0.518497 47
1777551426348 0.372831 48
1777551426356 0.31807 49
1777551426364 0.833536 50
1777551426374 0.533199 51
1777551426383 0.560339 52
1777551426393 0.438632 53
1777551426403 0.233345 54
1777551426411 0.817337 55
1777551426420 0.536447 56
1777551426429 0.538498 57
1777551426437 0.379084 58
1777551426446 0.190132 59
1777551426455 0.809943 60
1777551426463 0.51231 61
1777551426471 0.511381 62
1777551426479 0.341996 63
1777551426487 0.238587 64
1777551426499 0.818179 65
1777551426508 0.512619 66
1777551426516 0.513095 67
1777551426523 0.373398 68
1777551426531 0.194125 69
1777551426539 0.827903 70
1777551426547 0.534775 71
1777551426555 0.518835 72
1777551426563 0.351889 73
1777551426571 0.248544 74
1777551426579 0.817935 75
1777551426587 0.496181 76
1777551426595 0.511242 77
1777551426603 0.363483 78
1777551426611 0.211677 79
1777551426619 0.821741 80
1777551426627 0.558132 81
1777551426635 0.533559 82
1777551426643 0.366086 83
1777551426650 0.21515 84
1777551426659 0.835056 85
1777551426667 0.522454 86
1777551426675 0.533153 87
1777551426683 0.391657 88
1777551426690 0.200973 89
1777551426699 0.815148 90
1777551426707 0.540277 91
1777551426715 0.537404 92
1777551426723 0.393459 93
1777551426731 0.204602 94
1777551426739 0.816604 95
1777551426748 0.542127 96
1777551426756 0.526939 97
1777551426764 0.370158 98
1777551426772 0.227482 99
1777551426780 0.860848 100
1777551426787 0.521879 101
1777551426796 0.557471 102
1777551426804 0.381683 103
1777551426812 0.212888 104
1777551426820 0.802481 105
1777551426828 0.520343 106
1777551426836 0.582356 107
1777551426845 0.343967 108
1777551426853 0.207156 109
1777551426862 0.810773 110
1777551426870 0.526079 111
1777551426878 0.579408 112
1777551426886 0.379195 113
1777551426894 0.240504 114
1777551426902 0.79872 115
1777551426910 0.488969 116
1777551426918 0.595361 117
1777551426926 0.358297 118
1777551426934 0.216333 119
1777551426942 0.800116 120
1777551426950 0.522865 121
1777551426958 0.499344 122
1777551426966 0.361195 123
1777551426974 0.215057 124
1777551426981 1.20296 125
1777551426990 0.778674 126
1777551426998 0.730946 127
1777551427006 0.509832 128
1777551427014 0.30476 129
1777551427021 0.815786 130
1777551427029 0.547094 131
1777551427037 0.561854 132
1777551427045 0.353372 133
1777551427053 0.204785 134
1777551427061 0.798041 135
1777551427070 0.483394 136
1777551427078 0.50532 137
1777551427085 0.361184 138
1777551427094 0.206555 139
1777551427102 0.803676 140
1777551427110 0.5131 141
1777551427118 0.5454 142
1777551427126 0.387581 143
1777551427134 0.192437 144
1777551427142 0.809838 145
1777551427150 0.551413 146
1777551427158 0.5755 147
1777551427167 0.36031 148
1777551427175 0.220123 149
1777551427274 0.813609 150
1777551427282 0.540519 151
1777551427290 0.525785 152
1777551427298 0.345605 153
1777551427306 0.214817 154
1777551427315 0.816725 155
1777551427323 0.504393 156
1777551427331 0.575915 157
1777551427339 0.358014 158
1777551427347 0.23242 159
1777551427355 0.794388 160
1777551427363 0.562777 161
1777551427371 0.53692 162
1777551427379 0.355425 163
1777551427387 0.198768 164
1777551427395 0.877478 165
1777551427403 0.524382 166
1777551427411 0.530448 167
1777551427419 0.368342 168
1777551427427 0.222226 169
1777551427435 0.845888 170
1777551427443 0.497205 171
1777551427452 0.52757 172
1777551427460 0.376238 173
1777551427469 0.210861 174
1777551427477 0.843196 175
1777551427485 0.517611 176
1777551427493 0.506349 177
1777551427502 0.352883 178
1777551427510 0.228672 179
1777551427518 0.843418 180
1777551427526 0.544834 181
1777551427534 0.503373 182
1777551427542 0.381102 183
1777551427550 0.2166 184
1777551427558 0.809785 185
1777551427566 0.563096 186
1777551427574 0.564703 187
1777551427582 0.360228 188
1777551427590 0.229851 189
1777551427598 0.832865 190
1777551427606 0.495844 191
1777551427614 0.544019 192
1777551427622 0.389182 193
1777551427630 0.229353 194
1777551427638 0.831921 195
1777551427646 0.554725 196
1777551427654 0.584021 197
1777551427662 0.380546 198
1777551427670 0.192449 199
1777551427677 0.829279 200
1777551427686 0.583935 201
1777551427694 0.528697 202
1777551427702 0.387831 203
1777551427710 0.235026 204
1777551427718 0.842532 205
1777551427726 0.513735 206
1777551427734 0.514437 207
1777551427742 0.40682 208
1777551427750 0.225384 209
1777551427758 0.899533 210
1777551427766 0.502322 211
1777551427773 0.52485 212
1777551427782 0.374494 213
1777551427790 0.219266 214
1777551427798 0.876817 215
1777551427805 0.518766 216
1777551427813 0.566984 217
1777551427821 0.405503 218
1777551427830 0.2173 219
1777551427838 0.805922 220
1777551427846 0.545683 221
1777551427853 0.519248 222
1777551427861 0.393585 223
1777551427869 0.210598 224
1777551427877 0.811192 225
1777551427886 0.599241 226
1777551427894 0.554353 227
1777551427902 0.351586 228
1777551427909 0.205865 229
1777551427918 0.817043 230
1777551427925 0.490045 231
1777551427933 0.521462 232
1777551427941 0.380992 233
1777551427949 0.219417 234
1777551427957 0.823017 235
1777551427965 0.546959 236
1777551427973 0.525979 237
1777551427981 0.346636 238
1777551427989 0.221201 239
1777551427997 0.82419 240
1777551428005 0.530797 241
1777551428013 0.505859 242
1777551428021 0.396034 243
1777551428029 0.208076 244
1777551428037 1.17522 245
1777551428045 0.792724 246
1777551428052 0.747298 247
1777551428060 0.562607 248
1777551428068 0.30661 249
