1777551425961 262.679 0
1777551425969 84.9133 1
1777551425977 84.24 2
1777551425985 61.9759 3
1777551425993 37.6665 4
1777551426002 24.1936 5
1777551426010 18.2631 6
1777551426018 17.403 7
1777551426026 14.4941 8
1777551426034 10.8795 9
1777551426042 24.394 10
1777551426051 17.5938 11
1777551426059 17.3707 12
1777551426067 14.0765 13
1777551426075 10.9333 14
1777551426083 23.6057 15
1777551426091 18.1075 16
1777551426099 18.0456 17
1777551426107 14.2705 18
1777551426116 10.7251 19
1777551426124 23.7311 20
1777551426132 17.5044 21
1777551426141 17.3481 22
1777551426149 14.9124 23
1777551426157 10.4704 24
1777551426165 162.02 25
1777551426173 17.5554 26
1777551426181 17.1832 27
1777551426189 14.393 28
1777551426198 10.394 29
1777551426206 23.3588 30
1777551426214 17.8365 31
1777551426222 18.0445 32
1777551426230 14.6343 33
1777551426238 10.2942 34
1777551426246 24.0132 35
1777551426254 17.6239 36
1777551426262 17.6087 37
1777551426270 14.2307 38
1777551426278 10.4148 39
1777551426285 24.4821 40
1777551426293 16.7343 41
1777551426301 17.4132 42
1777551426309 14.7532 43
1777551426317 10.3757 44
1777551426325 24.2142 45
1777551426333 17.5339 46
1777551426341 17.2303 47
1777551426349 14.1145 48
1777551426357 45.7652 49
1777551426366 23.2792 50
1777551426375 17.4321 51
1777551426385 17.4098 52
1777551426395 15.1883 53
1777551426405 10.6906 54
1777551426414 23.6814 55
1777551426422 17.9539 56
1777551426431 17.4042 57
1777551426439 14.3209 58
1777551426448 10.6465 59
1777551426457 24.118 60
1777551426465 17.7121 61
1777551426473 18.288 62
1777551426481 14.4248 63
1777551426489 10.8608 64
1777551426501 24.2394 65
1777551426509 17.6958 66
1777551426517 17.9627 67
1777551426525 14.3798 68
1777551426533 10.3671 69
1777551426541 24.2627 70
1777551426549 18.0192 71
1777551426557 17.0753 72
1777551426565 14.3431 73
1777551426573 10.7277 74
1777551426581 23.8608 75
1777551426589 17.7998 76
1777551426597 17.6999 77
1777551426605 14.4505 78
1777551426613 10.584 79
1777551426621 23.7471 80
1777551426628 17.7912 81
1777551426637 17.5331 82
1777551426644 13.9577 83
1777551426653 10.3626 84
1777551426660 24.1982 85
1777551426668 17.4941 86
1777551426676 17.4412 87
1777551426684 14.9481 88
1777551426693 10.3199 89
1777551426701 24.2901 90
1777551426709 17.4929 91
1777551426717 18.1819 92
1777551426725 14.191 93
1777551426733 10.5549 94
1777551426741 24.0672 95
1777551426749 17.5155 96
1777551426757 17.5486 97
1777551426766 14.0581 98
1777551426774 10.7851 99
1777551426782 24.8768 100
1777551426790 16.9261 101
1777551426798 17.3239 102
1777551426806 14.5009 103
1777551426814 10.566 104
1777551426822 23.7344 105
1777551426830 17.6713 106
1777551426838 18.2895 107
1777551426846 14.1221 108
1777551426855 10.8271 109
1777551426864 23.8652 110
1777551426871 18.2225 111
1777551426880 17.5721 112
1777551426888 14.5494 113
1777551426896 10.8426 114
1777551426904 23.9788 115
1777551426912 17.5303 116
1777551426920 17.6296 117
1777551426928 13.8969 118
1777551426936 10.5689 119
1777551426944 23.914 120
1777551426952 17.6548 121
1777551426960 17.7114 122
1777551426968 13.5642 123
1777551426975 10.3545 124
1777551426983 126.243 125
1777551426991 83.6317 126
1777551426999 82.9467 127
1777551427007 60.43 128
1777551427015 36.508 129
1777551427023 24.3732 130
1777551427031 17.6833 131
1777551427039 17.4806 132
1777551427047 13.868 133
1777551427055 10.4048 134
1777551427063 24.1539 135
1777551427072 17.3959 136
1777551427080 17.6277 137
1777551427088 14.4756 138
1777551427096 10.7287 139
1777551427104 24.5494 140
1777551427112 17.7597 141
1777551427120 18.1203 142
1777551427128 14.5621 143
1777551427136 10.3012 144
1777551427144 23.7483 145
1777551427153 17.9915 146
1777551427161 18.4878 147
1777551427169 14.4778 148
1777551427177 10.7819 149
1777551427276 24.1046 150
1777551427284 17.4363 151
1777551427291 17.6186 152
1777551427300 14.3288 153
1777551427308 10.7937 154
1777551427317 23.1531 155
1777551427324 17.2556 156
1777551427332 17.6477 157
1777551427341 13.6704 158
1777551427349 10.736 159
1777551427357 23.547 160
1777551427365 18.0558 161
1777551427373 18.292 162
1777551427381 13.7744 163
1777551427389 10.5754 164
1777551427397 23.9315 165
1777551427405 17.3399 166
1777551427413 16.9352 167
1777551427421 14.1501 168
1777551427428 10.627 169
1777551427437 24.3195 170
1777551427444 17.701 171
1777551427454 17.5325 172
1777551427462 13.9649 173
1777551427470 10.7131 174
1777551427479 24.6457 175
1777551427487 17.671 176
1777551427495 17.0976 177
1777551427503 13.9407 178
1777551427511 10.6297 179
1777551427519 24.6419 180
1777551427527 17.3239 181
1777551427536 18.0198 182
1777551427544 14.4298 183
1777551427552 10.5668 184
1777551427560 23.7429 185
1777551427568 18.2719 186
1777551427576 16.9606 187
1777551427584 14.503 188
1777551427592 10.5001 189
1777551427600 24.864 190
1777551427608 17.4157 191
1777551427616 17.6913 192
1777551427624 14.3751 193
1777551427632 10.3594 194
1777551427640 23.6999 195
1777551427648 17.9151 196
1777551427656 18.1275 197
1777551427664 13.7865 198
1777551427672 10.4268 199
1777551427679 24.4369 200
1777551427687 17.7389 201
1777551427695 17.987 202
1777551427703 13.6961 203
1777551427712 10.6393 204
1777551427720 24.0219 205
1777551427728 17.1265 206
1777551427736 17.5067 207
1777551427744 14.0293 208
1777551427752 10.4288 209
1777551427760 24.6126 210
1777551427768 17.0172 211
1777551427775 17.2007 212
1777551427784 14.12 213
1777551427791 10.6126 214
1777551427799 24.0851 215
1777551427807 17.7186 216
1777551427815 17.6093 217
1777551427823 14.7159 218
1777551427831 10.5193 219
1777551427839 24.0383 220
1777551427847 17.8176 221
1777551427855 17.1013 222
1777551427863 13.7417 223
1777551427871 10.5829 224
1777551427879 23.8758 225
1777551427887 17.7979 226
1777551427896 17.846 227
1777551427903 14.0289 228
1777551427911 10.6516 229
1777551427919 24.5882 230
1777551427927 17.7004 231
1777551427935 17.745 232
1777551427943 14.4581 233
1777551427951 10.308 234
1777551427959 24.214 235
1777551427967 17.9397 236
1777551427975 17.5281 237
1777551427983 14.3476 238
1777551427991 10.7356 239
1777551427999 24.3305 240
1777551428007 17.4586 241
1777551428015 17.5375 242
1777551428023 14.5962 243
1777551428031 10.7686 244
1777551428039 126.71 245
1777551428046 83.6469 246
1777551428054 82.0053 247
1777551428062 60.5895 248
1777551428070 36.0734 249
