1777551435042 0.0 1
1777551435046 0.0 2
1777551435049 0.0 3
1777551435052 0.0 4
1777551435055 0.0 5
1777551435058 0.0 6
1777551435061 0.0 7
1777551435064 0.0 8
1777551435067 0.0 9
1777551435069 0.0 10
1777551435072 0.0 11
1777551435075 0.0 12
1777551435077 0.0 13
1777551435080 0.0 14
1777551435082 0.0 15
1777551435085 0.0 16
1777551435088 0.0 17
1777551435090 0.0 18
1777551435093 0.0 19
1777551435096 0.0 20
1777551435098 0.0 21
1777551435101 0.0 22
1777551435103 0.0 23
1777551435106 0.0 24
1777551435109 0.0 25
1777551435111 0.0 26
1777551435114 0.0 27
1777551435116 0.0 28
1777551435119 0.0 29
1777551435122 0.0 30
1777551435125 0.0 31
1777551435127 0.0 32
1777551435129 0.0 33
1777551435133 0.0 34
1777551435136 0.0 35
1777551435138 0.0 36
1777551435141 0.0 37
1777551435144 0.0 38
1777551435147 0.0 39
1777551435150 0.0 40
1777551435153 0.0 41
1777551435156 0.0 42
1777551435158 0.0 43
1777551435161 0.0 44
1777551435163 0.0 45
1777551435166 0.0 46
1777551435169 0.0 47
1777551435171 0.0 48
1777551435174 0.0 49
1777551435177 0.0 50
