1777551448802 0.0 1
1777551448805 0.0 2
1777551448809 0.0 3
1777551448812 0.0 4
1777551448815 0.0 5
1777551448818 0.0 6
1777551448821 0.0 7
1777551448825 0.0 8
1777551448828 0.0 9
1777551448830 0.0 10
1777551448834 0.0 11
1777551448837 0.0 12
1777551448840 0.0 13
1777551448843 0.0 14
1777551448846 0.0 15
1777551448849 0.0 16
1777551448852 0.0 17
1777551448856 0.0 18
1777551448860 0.0 19
1777551448864 0.0 20
1777551448868 0.0 21
1777551448871 0.0 22
1777551448876 0.0 23
1777551448880 0.0 24
1777551448884 0.0 25
1777551448888 0.0 26
1777551448899 0.0 27
1777551448903 0.0 28
1777551448907 0.0 29
1777551448912 0.0 30
1777551448916 0.0 31
1777551448920 0.0 32
1777551448924 0.0 33
1777551448928 0.0 34
1777551448930 0.0 35
1777551448934 0.0 36
1777551448937 0.0 37
1777551448940 0.0 38
1777551448943 0.0 39
1777551448946 0.0 40
1777551448948 0.0 41
1777551448951 0.0 42
1777551448955 0.0 43
1777551448958 0.0 44
1777551448960 0.0 45
1777551448963 0.0 46
1777551448967 0.0 47
1777551448970 0.0 48
1777551448973 0.0 49
1777551449069 0.0 50
