1777551435348 0.0 1
1777551435351 0.0 2
1777551435356 0.0 3
1777551435358 0.0 4
1777551435361 0.0 5
1777551435363 0.0 6
1777551435366 0.0 7
1777551435369 0.0 8
1777551435371 0.0 9
1777551435374 0.0 10
1777551435377 0.0 11
1777551435379 0.0 12
1777551435382 0.0 13
1777551435385 0.0 14
1777551435387 0.0 15
1777551435390 0.0 16
1777551435392 0.0 17
1777551435395 0.0 18
1777551435398 0.0 19
1777551435400 0.0 20
1777551435403 0.0 21
1777551435406 0.0 22
1777551435408 0.0 23
1777551435411 0.0 24
1777551435414 0.0 25
1777551435416 0.0 26
1777551435418 0.0 27
1777551435421 0.0 28
1777551435424 0.0 29
1777551435427 0.0 30
1777551435429 0.0 31
1777551435432 0.0 32
1777551435435 0.0 33
1777551435437 0.0 34
1777551435441 0.0 35
1777551435443 0.0 36
1777551435446 0.0 37
1777551435449 0.0 38
1777551435451 0.0 39
1777551435454 0.0 40
1777551435457 0.0 41
1777551435459 0.0 42
1777551435462 0.0 43
1777551435464 0.0 44
1777551435467 0.0 45
1777551435470 0.0 46
1777551435472 0.0 47
1777551435475 0.0 48
1777551435478 0.0 49
1777551435480 0.0 50
