1777551451230 0.0 1
1777551451234 0.0 2
1777551451236 0.0 3
1777551451240 0.0 4
1777551451242 0.0 5
1777551451245 0.0 6
1777551451248 0.0 7
1777551451251 0.0 8
1777551451254 0.0 9
1777551451257 0.0 10
1777551451261 0.0 11
1777551451264 0.0 12
1777551451266 0.0 13
1777551451269 0.0 14
1777551451272 0.0 15
1777551451275 0.0 16
1777551451278 0.0 17
1777551451281 0.0 18
1777551451284 0.0 19
1777551451287 0.0 20
1777551451290 0.0 21
1777551451293 0.0 22
1777551451296 0.0 23
1777551451299 0.0 24
1777551451303 0.0 25
1777551451306 0.0 26
1777551451310 0.0 27
1777551451314 0.0 28
1777551451318 0.0 29
1777551451321 0.0 30
1777551451326 0.0 31
1777551451329 0.0 32
1777551451333 0.0 33
1777551451337 0.0 34
1777551451341 0.0 35
1777551451345 0.0 36
1777551451349 0.0 37
1777551451353 0.0 38
1777551451357 0.0 39
1777551451361 0.0 40
1777551451365 0.0 41
1777551451369 0.0 42
1777551451373 0.0 43
1777551451377 0.0 44
1777551451380 0.0 45
1777551451385 0.0 46
1777551451389 0.0 47
1777551451393 0.0 48
1777551451397 0.0 49
1777551451400 0.0 50
