1777551418218 0.0 1
1777551418221 0.0 2
1777551418223 0.0 3
1777551418226 0.0 4
1777551418228 0.0 5
1777551418230 0.0 6
1777551418233 0.0 7
1777551418235 0.0 8
1777551418238 0.0 9
1777551418240 0.0 10
1777551418243 0.0 11
1777551418245 0.0 12
1777551418247 0.0 13
1777551418250 0.0 14
1777551418252 0.0 15
1777551418255 0.0 16
1777551418257 0.0 17
1777551418260 0.0 18
1777551418262 0.0 19
1777551418264 0.0 20
1777551418267 0.0 21
1777551418269 0.0 22
1777551418272 0.0 23
1777551418274 0.0 24
1777551418277 0.0 25
1777551418279 0.0 26
1777551418282 0.0 27
1777551418284 0.0 28
1777551418287 0.0 29
1777551418290 0.0 30
1777551418292 0.0 31
1777551418295 0.0 32
1777551418297 0.0 33
1777551418300 0.0 34
1777551418303 0.0 35
1777551418305 0.0 36
1777551418308 0.0 37
1777551418311 0.0 38
1777551418313 0.0 39
1777551418316 0.0 40
1777551418318 0.0 41
1777551418321 0.0 42
1777551418323 0.0 43
1777551418326 0.0 44
1777551418329 0.0 45
1777551418331 0.0 46
1777551418334 0.0 47
1777551418336 0.0 48
1777551418339 0.0 49
1777551418342 0.0 50
