1777551422968 0.339586 0
1777551422977 0.447195 1
1777551422985 0.450877 2
1777551422997 0.452938 3
1777551423005 0.495294 4
1777551423013 0.517199 5
1777551423021 0.496257 6
1777551423029 0.519578 7
1777551423037 0.548224 8
1777551423045 0.523859 9
1777551423053 0.544051 10
1777551423061 0.56295 11
1777551423068 0.545752 12
1777551423076 0.552334 13
1777551423084 0.57391 14
1777551423175 0.560021 15
1777551423183 0.562218 16
1777551423191 0.582959 17
1777551423199 0.572231 18
1777551423207 0.569277 19
1777551423215 0.601 20
1777551423223 0.579575 21
1777551423231 0.580008 22
1777551423239 0.611848 23
1777551423248 0.594077 24
1777551423257 0.586032 25
1777551423265 0.620785 26
1777551423273 0.602638 27
1777551423282 0.591773 28
1777551423292 0.627866 29
1777551423302 0.612696 30
1777551423310 0.608151 31
1777551423318 0.643435 32
1777551423327 0.623456 33
1777551423335 0.621611 34
1777551423343 0.641862 35
1777551423351 0.633 36
1777551423359 0.62773 37
1777551423367 0.652091 38
1777551423375 0.639315 39
1777551423383 0.628389 40
1777551423391 0.660072 41
1777551423399 0.646332 42
1777551423407 0.64119 43
1777551423415 0.665355 44
1777551423423 0.652367 45
1777551423431 0.650132 46
1777551423438 0.668446 47
1777551423447 0.654893 48
1777551423455 0.658133 49
1777551423462 0.67654 50
1777551423470 0.660273 51
1777551423478 0.666039 52
1777551423486 0.68143 53
1777551423494 0.669208 54
1777551423502 0.666792 55
1777551423510 0.688399 56
1777551423518 0.675805 57
1777551423526 0.675452 58
1777551423534 0.692446 59
1777551423542 0.679033 60
1777551423550 0.677617 61
1777551423558 0.698797 62
1777551423567 0.688389 63
1777551423575 0.676864 64
1777551423583 0.702057 65
1777551423591 0.689792 66
1777551423598 0.685994 67
1777551423607 0.707565 68
1777551423615 0.696388 69
1777551423623 0.693524 70
1777551423630 0.707059 71
1777551423638 0.69709 72
1777551423646 0.691453 73
1777551423654 0.714591 74
1777551423663 0.70116 75
1777551423671 0.697195 76
1777551423679 0.721504 77
1777551423687 0.705558 78
1777551423695 0.704537 79
1777551423702 0.72482 80
1777551423711 0.705932 81
1777551423719 0.70369 82
1777551423727 0.72038 83
1777551423735 0.712622 84
1777551423743 0.709055 85
1777551423751 0.727068 86
1777551423759 0.718844 87
1777551423766 0.714891 88
1777551423775 0.727743 89
1777551423782 0.721417 90
1777551423791 0.715738 91
1777551423799 0.735724 92
1777551423807 0.724691 93
1777551423815 0.717526 94
1777551423823 0.734656 95
1777551423830 0.727638 96
1777551423839 0.726092 97
1777551423847 0.739602 98
1777551423855 0.727779 99
1777551423863 0.730139 100
1777551423871 0.742525 101
1777551423879 0.734235 102
1777551423887 0.734187 103
1777551423895 0.742974 104
1777551423902 0.73489 105
1777551423910 0.736446 106
1777551423918 0.748988 107
1777551423926 0.736012 108
1777551423935 0.735505 109
1777551423943 0.75 110
1777551423951 0.739895 111
1777551423959 0.740681 112
1777551423967 0.750506 113
1777551423974 0.742421 114
1777551423982 0.743223 115
1777551423991 0.757363 116
1777551423998 0.748924 117
1777551424007 0.743599 118
1777551424015 0.76051 119
1777551424023 0.749345 120
1777551424031 0.750377 121
1777551424039 0.762983 122
1777551424047 0.748784 123
1777551424055 0.745953 124
1777551424062 0.766412 125
1777551424071 0.754351 126
1777551424079 0.753389 127
1777551424087 0.764838 128
1777551424094 0.755801 129
1777551424103 0.751506 130
1777551424111 0.767648 131
1777551424119 0.758234 132
1777551424127 0.753294 133
1777551424135 0.777259 134
1777551424143 0.763613 135
1777551424151 0.75913 136
1777551424159 0.773887 137
1777551424167 0.767075 138
1777551424175 0.764025 139
1777551424183 0.775686 140
1777551424191 0.765906 141
1777551424199 0.764495 142
1777551424208 0.776416 143
1777551424216 0.769695 144
1777551424224 0.766849 145
1777551424232 0.78569 146
1777551424240 0.769789 147
1777551424248 0.771461 148
1777551424256 0.779789 149
