1777551422976 3297.0 0
1777551422984 1953.0 1
1777551422996 2849.0 2
1777551423004 3297.0 3
1777551423012 1953.0 4
1777551423020 2849.0 5
1777551423028 3297.0 6
1777551423036 1953.0 7
1777551423044 2849.0 8
1777551423052 3297.0 9
1777551423060 1953.0 10
1777551423068 2849.0 11
1777551423076 3297.0 12
1777551423083 1953.0 13
1777551423174 2849.0 14
1777551423182 3297.0 15
1777551423190 1953.0 16
1777551423198 2849.0 17
1777551423205 3297.0 18
1777551423214 1953.0 19
1777551423222 2849.0 20
1777551423230 3297.0 21
1777551423238 1953.0 22
1777551423247 2849.0 23
1777551423256 3297.0 24
1777551423264 1953.0 25
1777551423272 2849.0 26
1777551423282 3297.0 27
1777551423291 1953.0 28
1777551423300 2849.0 29
1777551423309 3297.0 30
1777551423317 1953.0 31
1777551423326 2849.0 32
1777551423334 3297.0 33
1777551423342 1953.0 34
1777551423350 2849.0 35
1777551423358 3297.0 36
1777551423366 1953.0 37
1777551423374 2849.0 38
1777551423382 3297.0 39
1777551423390 1953.0 40
1777551423398 2849.0 41
1777551423405 3297.0 42
1777551423414 1953.0 43
1777551423422 2849.0 44
1777551423430 3297.0 45
1777551423437 1953.0 46
1777551423446 2849.0 47
1777551423454 3297.0 48
1777551423462 1953.0 49
1777551423469 2849.0 50
1777551423477 3297.0 51
1777551423485 1953.0 52
1777551423493 2849.0 53
1777551423501 3297.0 54
1777551423509 1953.0 55
1777551423517 2849.0 56
1777551423525 3297.0 57
1777551423534 1953.0 58
1777551423542 2849.0 59
1777551423550 3297.0 60
1777551423558 1953.0 61
1777551423565 2849.0 62
1777551423574 3297.0 63
1777551423582 1953.0 64
1777551423590 2849.0 65
1777551423598 3297.0 66
1777551423606 1953.0 67
1777551423613 2849.0 68
1777551423622 3297.0 69
1777551423630 1953.0 70
1777551423637 2849.0 71
1777551423645 3297.0 72
1777551423653 1953.0 73
1777551423662 2849.0 74
1777551423670 3297.0 75
1777551423678 1953.0 76
1777551423686 2849.0 77
1777551423694 3297.0 78
1777551423702 1953.0 79
1777551423710 2849.0 80
1777551423718 3297.0 81
1777551423725 1953.0 82
1777551423734 2849.0 83
1777551423742 3297.0 84
1777551423750 1953.0 85
1777551423758 2849.0 86
1777551423766 3297.0 87
1777551423774 1953.0 88
1777551423782 2849.0 89
1777551423790 3297.0 90
1777551423797 1953.0 91
1777551423806 2849.0 92
1777551423814 3297.0 93
1777551423822 1953.0 94
1777551423830 2849.0 95
1777551423838 3297.0 96
1777551423846 1953.0 97
1777551423854 2849.0 98
1777551423862 3297.0 99
1777551423869 1953.0 100
1777551423878 2849.0 101
1777551423885 3297.0 102
1777551423894 1953.0 103
1777551423902 2849.0 104
1777551423910 3297.0 105
1777551423918 1953.0 106
1777551423926 2849.0 107
1777551423934 3297.0 108
1777551423942 1953.0 109
1777551423950 2849.0 110
1777551423958 3297.0 111
1777551423966 1953.0 112
1777551423974 2849.0 113
1777551423982 3297.0 114
1777551423990 1953.0 115
1777551423998 2849.0 116
1777551424006 3297.0 117
1777551424014 1953.0 118
1777551424022 2849.0 119
1777551424030 3297.0 120
1777551424038 1953.0 121
1777551424046 2849.0 122
1777551424053 3297.0 123
1777551424062 1953.0 124
1777551424070 2849.0 125
1777551424078 3297.0 126
1777551424086 1953.0 127
1777551424094 2849.0 128
1777551424102 3297.0 129
1777551424110 1953.0 130
1777551424118 2849.0 131
1777551424126 3297.0 132
1777551424134 1953.0 133
1777551424142 2849.0 134
1777551424150 3297.0 135
1777551424158 1953.0 136
1777551424166 2849.0 137
1777551424174 3297.0 138
1777551424182 1953.0 139
1777551424190 2849.0 140
1777551424198 3297.0 141
1777551424207 1953.0 142
1777551424215 2849.0 143
1777551424223 3297.0 144
1777551424231 1953.0 145
1777551424239 2849.0 146
1777551424247 3297.0 147
1777551424255 1953.0 148
1777551424263 2849.0 149
