1777551422972 1.0 0
1777551422980 1.0 1
1777551422988 1.0 2
1777551423001 1.0 3
1777551423009 1.0 4
1777551423017 1.0 5
1777551423024 1.0 6
1777551423032 1.0 7
1777551423040 1.0 8
1777551423048 1.0 9
1777551423056 1.0 10
1777551423064 1.0 11
1777551423072 1.0 12
1777551423080 1.0 13
1777551423170 1.0 14
1777551423179 1.0 15
1777551423187 1.0 16
1777551423194 1.0 17
1777551423202 1.0 18
1777551423210 1.0 19
1777551423219 1.0 20
1777551423226 1.0 21
1777551423235 1.0 22
1777551423243 1.0 23
1777551423252 1.0 24
1777551423260 1.0 25
1777551423269 1.0 26
1777551423278 1.0 27
1777551423287 1.0 28
1777551423297 1.0 29
1777551423305 1.0 30
1777551423314 1.0 31
1777551423322 1.0 32
1777551423330 1.0 33
1777551423338 1.0 34
1777551423346 1.0 35
1777551423354 1.0 36
1777551423362 1.0 37
1777551423370 1.0 38
1777551423378 1.0 39
1777551423386 1.0 40
1777551423394 1.0 41
1777551423402 1.0 42
1777551423410 1.0 43
1777551423418 1.0 44
1777551423426 1.0 45
1777551423434 1.0 46
1777551423442 1.0 47
1777551423450 1.0 48
1777551423458 1.0 49
1777551423466 1.0 50
1777551423474 1.0 51
1777551423482 1.0 52
1777551423490 1.0 53
1777551423498 1.0 54
1777551423506 1.0 55
1777551423514 1.0 56
1777551423522 1.0 57
1777551423530 1.0 58
1777551423538 1.0 59
1777551423546 1.0 60
1777551423553 1.0 61
1777551423562 1.0 62
1777551423570 1.0 63
1777551423578 1.0 64
1777551423586 1.0 65
1777551423594 1.0 66
1777551423602 1.0 67
1777551423610 1.0 68
1777551423618 1.0 69
1777551423626 1.0 70
1777551423634 1.0 71
1777551423642 1.0 72
1777551423650 1.0 73
1777551423658 1.0 74
1777551423666 1.0 75
1777551423674 1.0 76
1777551423682 1.0 77
1777551423690 1.0 78
1777551423698 1.0 79
1777551423706 1.0 80
1777551423714 1.0 81
1777551423722 1.0 82
1777551423730 1.0 83
1777551423738 1.0 84
1777551423746 1.0 85
1777551423754 1.0 86
1777551423762 1.0 87
1777551423770 1.0 88
1777551423778 1.0 89
1777551423786 1.0 90
1777551423794 1.0 91
1777551423802 1.0 92
1777551423810 1.0 93
1777551423818 1.0 94
1777551423826 1.0 95
1777551423834 1.0 96
1777551423842 1.0 97
1777551423850 1.0 98
1777551423858 1.0 99
1777551423866 1.0 100
1777551423874 1.0 101
1777551423882 1.0 102
1777551423890 1.0 103
1777551423898 1.0 104
1777551423906 1.0 105
1777551423914 1.0 106
1777551423922 1.0 107
1777551423930 1.0 108
1777551423938 1.0 109
1777551423946 1.0 110
1777551423954 1.0 111
1777551423962 1.0 112
1777551423970 1.0 113
1777551423978 1.0 114
1777551423985 1.0 115
1777551423994 1.0 116
1777551424002 1.0 117
1777551424010 1.0 118
1777551424018 1.0 119
1777551424026 1.0 120
1777551424034 1.0 121
1777551424042 1.0 122
1777551424050 1.0 123
1777551424058 1.0 124
1777551424066 1.0 125
1777551424074 1.0 126
1777551424082 1.0 127
1777551424090 1.0 128
1777551424098 1.0 129
1777551424106 1.0 130
1777551424114 1.0 131
1777551424122 1.0 132
1777551424130 1.0 133
1777551424139 1.0 134
1777551424147 1.0 135
1777551424154 1.0 136
1777551424163 1.0 137
1777551424171 1.0 138
1777551424179 1.0 139
1777551424187 1.0 140
1777551424195 1.0 141
1777551424203 1.0 142
1777551424211 1.0 143
1777551424219 1.0 144
1777551424228 1.0 145
1777551424236 1.0 146
1777551424244 1.0 147
1777551424252 1.0 148
1777551424260 1.0 149
