1777551422969 1.76635 0
1777551422978 1.59969 1
1777551422986 1.52298 2
1777551422998 1.49677 3
1777551423006 1.42857 4
1777551423014 1.35201 5
1777551423022 1.39169 6
1777551423030 1.34834 7
1777551423037 1.27169 8
1777551423046 1.33635 9
1777551423054 1.303 10
1777551423061 1.23128 11
1777551423069 1.28836 12
1777551423077 1.26543 13
1777551423085 1.20335 14
1777551423176 1.25401 15
1777551423184 1.23755 16
1777551423192 1.16971 17
1777551423200 1.2229 18
1777551423208 1.22557 19
1777551423216 1.13341 20
1777551423224 1.19835 21
1777551423232 1.18349 22
1777551423241 1.11027 23
1777551423249 1.16713 24
1777551423258 1.16035 25
1777551423266 1.08597 26
1777551423275 1.14161 27
1777551423284 1.13995 28
1777551423294 1.0649 29
1777551423302 1.1177 30
1777551423311 1.10568 31
1777551423319 1.0364 32
1777551423328 1.0899 33
1777551423336 1.08663 34
1777551423344 1.0178 35
1777551423352 1.0679 36
1777551423360 1.06048 37
1777551423368 0.999291 38
1777551423376 1.05201 39
1777551423384 1.05412 40
1777551423392 0.982817 41
1777551423400 1.02381 42
1777551423408 1.02491 43
1777551423416 0.957661 44
1777551423424 1.01584 45
1777551423431 1.00078 46
1777551423439 0.945834 47
1777551423447 1.00233 48
1777551423455 0.974328 49
1777551423463 0.929466 50
1777551423471 0.977973 51
1777551423479 0.971004 52
1777551423487 0.917853 53
1777551423495 0.967389 54
1777551423503 0.961801 55
1777551423511 0.897773 56
1777551423519 0.950792 57
1777551423527 0.940865 58
1777551423535 0.888433 59
1777551423543 0.939646 60
1777551423551 0.925727 61
1777551423559 0.864143 62
1777551423567 0.920134 63
1777551423576 0.925486 64
1777551423583 0.865482 65
1777551423592 0.910107 66
1777551423600 0.907718 67
1777551423608 0.846791 68
1777551423616 0.896753 69
1777551423623 0.884335 70
1777551423631 0.840707 71
1777551423639 0.887363 72
1777551423647 0.876389 73
1777551423655 0.824835 74
1777551423663 0.873817 75
1777551423672 0.877205 76
1777551423680 0.817293 77
1777551423688 0.864215 78
1777551423696 0.857406 79
1777551423704 0.800842 80
1777551423712 0.864279 81
1777551423720 0.845723 82
1777551423727 0.794888 83
1777551423735 0.837783 84
1777551423744 0.836147 85
1777551423752 0.792525 86
1777551423760 0.83127 87
1777551423768 0.815386 88
1777551423776 0.78389 89
1777551423784 0.823676 90
1777551423792 0.819444 91
1777551423799 0.76839 92
1777551423808 0.807075 93
1777551423816 0.807219 94
1777551423824 0.766163 95
1777551423832 0.798361 96
1777551423840 0.788688 97
1777551423848 0.750767 98
1777551423856 0.799166 99
1777551423863 0.786961 100
1777551423871 0.741963 101
1777551423879 0.786059 102
1777551423888 0.778257 103
1777551423895 0.738685 104
1777551423903 0.774304 105
1777551423911 0.763827 106
1777551423919 0.724701 107
1777551423927 0.767851 108
1777551423935 0.763933 109
1777551423943 0.717373 110
1777551423952 0.760366 111
1777551423959 0.753804 112
1777551423967 0.71747 113
1777551423975 0.750823 114
1777551423983 0.740327 115
1777551423992 0.705313 116
1777551424000 0.73773 117
1777551424008 0.747208 118
1777551424016 0.692838 119
1777551424023 0.732168 120
1777551424031 0.724233 121
1777551424040 0.689692 122
1777551424047 0.731089 123
1777551424055 0.732841 124
1777551424063 0.683369 125
1777551424071 0.717089 126
1777551424080 0.722404 127
1777551424088 0.682423 128
1777551424095 0.715945 129
1777551424104 0.705466 130
1777551424111 0.677235 131
1777551424120 0.704963 132
1777551424128 0.702021 133
1777551424136 0.652293 134
1777551424143 0.693448 135
1777551424152 0.703856 136
1777551424160 0.65653 137
1777551424168 0.690671 138
1777551424176 0.681915 139
1777551424184 0.650153 140
1777551424192 0.682219 141
1777551424200 0.676813 142
1777551424209 0.643358 143
1777551424217 0.671547 144
1777551424225 0.67142 145
1777551424233 0.626874 146
1777551424241 0.66927 147
1777551424249 0.656249 148
1777551424257 0.6393 149
