1777551422973 0.981547 0
1777551422982 0.805911 1
1777551422994 0.892527 2
1777551423002 1.02887 3
1777551423010 0.65423 4
1777551423018 0.879797 5
1777551423026 1.02381 6
1777551423034 0.642906 7
1777551423042 0.868789 8
1777551423050 1.0209 9
1777551423058 0.656206 10
1777551423066 0.868086 11
1777551423074 1.0186 12
1777551423082 0.670736 13
1777551423172 0.870659 14
1777551423180 1.01763 15
1777551423188 0.659599 16
1777551423196 0.873093 17
1777551423204 1.00827 18
1777551423212 0.648391 19
1777551423220 0.879886 20
1777551423228 1.01547 21
1777551423236 0.661007 22
1777551423245 0.867525 23
1777551423254 1.00763 24
1777551423262 0.671031 25
1777551423271 0.869986 26
1777551423280 1.0162 27
1777551423289 0.656492 28
1777551423298 0.997519 29
1777551423307 1.06121 30
1777551423315 0.673455 31
1777551423324 0.880638 32
1777551423332 1.0204 33
1777551423340 0.664603 34
1777551423348 0.880331 35
1777551423356 1.01891 36
1777551423364 0.654717 37
1777551423372 0.857145 38
1777551423380 1.00868 39
1777551423388 0.658433 40
1777551423396 0.86023 41
1777551423404 1.02434 42
1777551423412 0.653409 43
1777551423420 0.876272 44
1777551423428 1.00919 45
1777551423436 0.659856 46
1777551423444 0.875793 47
1777551423452 1.00521 48
1777551423460 0.670841 49
1777551423468 0.868864 50
1777551423476 1.01289 51
1777551423484 0.652368 52
1777551423492 0.875017 53
1777551423500 1.02409 54
1777551423508 0.658811 55
1777551423515 0.866928 56
1777551423523 0.99922 57
1777551423532 0.658905 58
1777551423540 0.863308 59
1777551423548 1.00769 60
1777551423556 0.666917 61
1777551423564 0.865362 62
1777551423572 1.16542 63
1777551423580 0.660092 64
1777551423588 0.871496 65
1777551423596 1.03778 66
1777551423604 0.645468 67
1777551423612 0.861648 68
1777551423620 1.01213 69
1777551423628 0.643066 70
1777551423636 0.878382 71
1777551423643 1.01561 72
1777551423652 0.661935 73
1777551423660 0.87069 74
1777551423668 0.96558 75
1777551423676 0.654981 76
1777551423684 0.864872 77
1777551423692 1.01719 78
1777551423700 0.671853 79
1777551423708 0.878229 80
1777551423716 1.03041 81
1777551423724 0.651878 82
1777551423731 0.875762 83
1777551423740 1.01902 84
1777551423748 0.651404 85
1777551423756 0.867451 86
1777551423764 1.16968 87
1777551423772 0.677174 88
1777551423780 0.865063 89
1777551423788 1.02144 90
1777551423796 0.66092 91
1777551423804 0.866366 92
1777551423812 1.01558 93
1777551423820 0.65735 94
1777551423828 0.867299 95
1777551423836 1.04298 96
1777551423844 0.649821 97
1777551423852 0.862188 98
1777551423860 1.02218 99
1777551423868 0.661304 100
1777551423876 0.866027 101
1777551423884 1.02842 102
1777551423892 0.649184 103
1777551423900 0.862708 104
1777551423908 1.01965 105
1777551423916 0.657029 106
1777551423924 0.869722 107
1777551423932 1.01533 108
1777551423940 0.688518 109
1777551423948 0.862691 110
1777551423956 1.00344 111
1777551423964 0.658416 112
1777551423972 0.861514 113
1777551423980 1.02025 114
1777551423988 0.656221 115
1777551423996 0.867334 116
1777551424004 1.01332 117
1777551424012 0.649965 118
1777551424020 0.885961 119
1777551424028 1.02021 120
1777551424036 0.653214 121
1777551424044 0.876182 122
1777551424052 1.01396 123
1777551424060 0.650087 124
1777551424068 1.01472 125
1777551424076 1.03747 126
1777551424084 0.671591 127
1777551424092 0.870469 128
1777551424100 1.01049 129
1777551424108 0.650232 130
1777551424116 0.861826 131
1777551424124 1.00757 132
1777551424132 0.67079 133
1777551424140 0.850262 134
1777551424148 0.998472 135
1777551424156 0.653118 136
1777551424164 0.878185 137
1777551424172 1.02141 138
1777551424180 0.661913 139
1777551424188 0.935606 140
1777551424197 1.01444 141
1777551424205 0.665543 142
1777551424213 0.86631 143
1777551424221 1.05545 144
1777551424229 0.655331 145
1777551424237 0.864917 146
1777551424245 0.974667 147
1777551424254 0.651902 148
1777551424261 0.882717 149
