1777551422973 1.60656 0
1777551422981 0.761317 1
1777551422989 1.2909 2
1777551423002 1.1167 3
1777551423009 0.574762 4
1777551423017 0.972837 5
1777551423025 1.083 6
1777551423033 0.593058 7
1777551423041 1.00514 8
1777551423049 1.07323 9
1777551423057 0.58249 10
1777551423065 1.01275 11
1777551423072 1.05301 12
1777551423081 0.594232 13
1777551423170 0.977755 14
1777551423179 1.07368 15
1777551423188 0.592627 16
1777551423195 0.968443 17
1777551423203 1.09957 18
1777551423211 0.60127 19
1777551423220 1.03496 20
1777551423228 1.03209 21
1777551423236 0.575347 22
1777551423244 0.964592 23
1777551423252 1.02775 24
1777551423261 0.834623 25
1777551423269 1.02703 26
1777551423279 1.0795 27
1777551423288 0.606136 28
1777551423298 1.0475 29
1777551423306 1.14437 30
1777551423314 0.582176 31
1777551423323 0.954894 32
1777551423331 1.08348 33
1777551423339 0.547555 34
1777551423347 0.981803 35
1777551423355 1.06138 36
1777551423363 0.562164 37
1777551423371 0.961707 38
1777551423379 1.09592 39
1777551423387 0.623928 40
1777551423395 0.986401 41
1777551423403 1.13164 42
1777551423411 0.582578 43
1777551423419 0.970141 44
1777551423427 1.07066 45
1777551423435 0.608514 46
1777551423443 0.998977 47
1777551423450 1.0529 48
1777551423459 0.829102 49
1777551423467 0.991722 50
1777551423475 1.0653 51
1777551423483 0.592498 52
1777551423491 0.976677 53
1777551423499 1.14184 54
1777551423507 0.610447 55
1777551423515 0.982113 56
1777551423523 1.13077 57
1777551423531 0.565859 58
1777551423538 0.992485 59
1777551423547 1.0057 60
1777551423555 0.603295 61
1777551423563 0.977549 62
1777551423571 1.1145 63
1777551423579 0.60168 64
1777551423587 0.981773 65
1777551423595 1.12596 66
1777551423603 0.618116 67
1777551423611 1.00258 68
1777551423619 1.11501 69
1777551423627 0.569153 70
1777551423635 0.966954 71
1777551423643 1.05092 72
1777551423651 0.57806 73
1777551423659 0.993396 74
1777551423666 1.50103 75
1777551423675 0.791827 76
1777551423683 1.28632 77
1777551423691 1.04398 78
1777551423699 0.595543 79
1777551423707 0.9716 80
1777551423715 1.1171 81
1777551423723 0.587591 82
1777551423731 1.0409 83
1777551423739 1.15625 84
1777551423747 0.593185 85
1777551423755 1.03113 86
1777551423763 1.12403 87
1777551423771 0.609301 88
1777551423779 0.972464 89
1777551423787 1.08449 90
1777551423795 0.590128 91
1777551423803 1.02673 92
1777551423811 1.11114 93
1777551423819 0.606769 94
1777551423827 1.02944 95
1777551423835 1.0021 96
1777551423843 0.608301 97
1777551423851 0.955523 98
1777551423859 1.05643 99
1777551423867 0.581772 100
1777551423875 0.982546 101
1777551423883 1.01175 102
1777551423891 0.581364 103
1777551423899 0.994417 104
1777551423907 1.0954 105
1777551423915 0.587346 106
1777551423923 0.991669 107
1777551423931 1.01994 108
1777551423939 0.593933 109
1777551423947 0.970992 110
1777551423955 1.06748 111
1777551423963 0.567712 112
1777551423971 0.924328 113
1777551423979 1.05311 114
1777551423987 0.577591 115
1777551423995 0.981106 116
1777551424003 1.14176 117
1777551424011 0.633126 118
1777551424019 0.994793 119
1777551424027 1.03729 120
1777551424035 0.588362 121
1777551424043 0.965812 122
1777551424051 1.02408 123
1777551424059 0.592558 124
1777551424066 1.05338 125
1777551424075 1.11243 126
1777551424083 0.579768 127
1777551424091 0.982094 128
1777551424099 1.14553 129
1777551424107 0.593304 130
1777551424115 0.957191 131
1777551424123 1.07254 132
1777551424131 0.586192 133
1777551424139 1.01005 134
1777551424148 1.06684 135
1777551424156 0.584587 136
1777551424164 1.0218 137
1777551424172 1.10006 138
1777551424180 0.614255 139
1777551424188 0.999716 140
1777551424196 1.07552 141
1777551424204 0.597474 142
1777551424212 0.988463 143
1777551424220 1.02297 144
1777551424228 0.604228 145
1777551424236 0.992302 146
1777551424245 1.48384 147
1777551424253 0.782018 148
1777551424261 1.31589 149
