1777551422975 336.621 0
1777551422983 84.056 1
1777551422995 136.659 2
1777551423003 28.6478 3
1777551423011 17.5594 4
1777551423019 25.8792 5
1777551423027 29.4358 6
1777551423035 17.7853 7
1777551423043 25.8684 8
1777551423051 28.7599 9
1777551423059 17.7643 10
1777551423067 25.7829 11
1777551423075 29.3898 12
1777551423083 17.7192 13
1777551423173 25.2926 14
1777551423181 29.0497 15
1777551423189 17.68 16
1777551423197 25.2809 17
1777551423205 28.4007 18
1777551423213 17.1303 19
1777551423221 25.184 20
1777551423229 28.5923 21
1777551423238 17.4037 22
1777551423246 25.5863 23
1777551423255 28.7322 24
1777551423263 106.632 25
1777551423271 25.6977 26
1777551423281 28.6237 27
1777551423290 17.7239 28
1777551423299 26.233 29
1777551423308 29.802 30
1777551423316 18.0357 31
1777551423325 26.0139 32
1777551423333 29.4913 33
1777551423341 17.2513 34
1777551423349 25.8196 35
1777551423357 29.2533 36
1777551423365 17.5831 37
1777551423373 25.5921 38
1777551423381 30.2013 39
1777551423389 17.6816 40
1777551423397 25.9074 41
1777551423405 29.0633 42
1777551423413 17.3877 43
1777551423420 25.1118 44
1777551423429 28.9167 45
1777551423437 17.4803 46
1777551423445 26.175 47
1777551423453 29.2513 48
1777551423460 106.195 49
1777551423469 25.4478 50
1777551423477 29.2468 51
1777551423484 17.6285 52
1777551423492 25.0872 53
1777551423500 29.0556 54
1777551423508 17.4688 55
1777551423516 25.8003 56
1777551423524 28.3096 57
1777551423532 17.8606 58
1777551423541 25.7038 59
1777551423549 29.5793 60
1777551423557 17.9282 61
1777551423565 25.167 62
1777551423573 30.4194 63
1777551423581 17.7069 64
1777551423589 25.5763 65
1777551423597 29.6642 66
1777551423604 17.6831 67
1777551423613 24.6421 68
1777551423621 28.8288 69
1777551423629 17.5518 70
1777551423637 25.816 71
1777551423645 29.403 72
1777551423653 18.0961 73
1777551423661 25.766 74
1777551423669 161.184 75
1777551423677 83.3663 76
1777551423685 135.06 77
1777551423693 29.2126 78
1777551423701 17.8265 79
1777551423709 25.6796 80
1777551423717 30.0199 81
1777551423725 17.6219 82
1777551423733 26.3184 83
1777551423741 30.1115 84
1777551423749 17.3634 85
1777551423757 25.555 86
1777551423765 30.6823 87
1777551423773 17.9167 88
1777551423781 25.5832 89
1777551423789 29.6615 90
1777551423797 17.9461 91
1777551423805 25.4827 92
1777551423812 28.6755 93
1777551423821 18.1165 94
1777551423829 25.607 95
1777551423836 29.356 96
1777551423845 18.0111 97
1777551423853 25.6156 98
1777551423861 29.2193 99
1777551423869 17.5497 100
1777551423877 25.1843 101
1777551423885 28.8795 102
1777551423893 17.3891 103
1777551423901 25.5301 104
1777551423909 29.2344 105
1777551423917 17.6311 106
1777551423925 25.9257 107
1777551423933 28.9217 108
1777551423941 17.6592 109
1777551423949 24.7016 110
1777551423957 29.236 111
1777551423965 18.0249 112
1777551423973 25.3903 113
1777551423981 29.6768 114
1777551423989 17.2832 115
1777551423997 25.6451 116
1777551424005 28.9902 117
1777551424013 17.8365 118
1777551424021 25.4285 119
1777551424029 29.0501 120
1777551424037 18.1992 121
1777551424045 25.2566 122
1777551424053 29.5952 123
1777551424061 17.9264 124
1777551424069 25.8005 125
1777551424077 29.0472 126
1777551424085 17.7923 127
1777551424093 25.8543 128
1777551424101 29.4268 129
1777551424109 17.8587 130
1777551424117 25.829 131
1777551424125 29.4056 132
1777551424133 17.4815 133
1777551424141 25.3968 134
1777551424149 29.2355 135
1777551424157 17.4184 136
1777551424165 25.5111 137
1777551424173 29.3743 138
1777551424181 17.6865 139
1777551424189 25.8982 140
1777551424197 29.277 141
1777551424206 17.6243 142
1777551424214 25.3829 143
1777551424222 29.4228 144
1777551424230 17.6262 145
1777551424238 25.6199 146
1777551424246 162.796 147
1777551424254 83.1637 148
1777551424263 136.508 149
