1777551450140 0.0 1
1777551450145 0.0 2
1777551450149 0.0 3
1777551450154 0.0 4
1777551450158 0.0 5
1777551450161 0.0 6
1777551450165 0.0 7
1777551450170 0.0 8
1777551450174 0.0 9
1777551450178 0.0 10
1777551450182 0.0 11
1777551450186 0.0 12
1777551450190 0.0 13
1777551450194 0.0 14
1777551450199 0.0 15
1777551450202 0.0 16
1777551450206 0.0 17
1777551450210 0.0 18
1777551450214 0.0 19
1777551450219 0.0 20
1777551450223 0.0 21
1777551450227 0.0 22
1777551450231 0.0 23
1777551450235 0.0 24
1777551450238 0.0 25
1777551450241 0.0 26
1777551450244 0.0 27
1777551450248 0.0 28
1777551450250 0.0 29
1777551450254 0.0 30
1777551450256 0.0 31
1777551450259 0.0 32
1777551450262 0.0 33
1777551450265 0.0 34
1777551450268 0.0 35
1777551450270 0.0 36
1777551450274 0.0 37
1777551450277 0.0 38
1777551450279 0.0 39
1777551450283 0.0 40
1777551450285 0.0 41
1777551450288 0.0 42
1777551450291 0.0 43
1777551450294 0.0 44
1777551450297 0.0 45
1777551450300 0.0 46
1777551450303 0.0 47
1777551450306 0.0 48
1777551450309 0.0 49
1777551450312 0.0 50
