1777551444358 0.0 1
1777551444362 0.0 2
1777551444366 0.0 3
1777551444370 0.0 4
1777551444375 0.0 5
1777551444379 0.0 6
1777551444384 0.0 7
1777551444388 0.0 8
1777551444392 0.0 9
1777551444396 0.0 10
1777551444400 0.0 11
1777551444405 0.0 12
1777551444409 0.0 13
1777551444413 0.0 14
1777551444417 0.0 15
1777551444422 0.0 16
1777551444426 0.0 17
1777551444430 0.0 18
1777551444434 0.0 19
1777551444438 0.0 20
1777551444442 0.0 21
1777551444446 0.0 22
1777551444450 0.0 23
1777551444455 0.0 24
1777551444457 0.0 25
1777551444460 0.0 26
1777551444464 0.0 27
1777551444466 0.0 28
1777551444470 0.0 29
1777551444473 0.0 30
1777551444476 0.0 31
1777551444479 0.0 32
1777551444483 0.0 33
1777551444497 0.0 34
1777551444500 0.0 35
1777551444504 0.0 36
1777551444507 0.0 37
1777551444509 0.0 38
1777551444513 0.0 39
1777551444515 0.0 40
1777551444519 0.0 41
1777551444522 0.0 42
1777551444525 0.0 43
1777551444528 0.0 44
1777551444530 0.0 45
1777551444534 0.0 46
1777551444536 0.0 47
1777551444540 0.0 48
1777551444543 0.0 49
1777551444546 0.0 50
