1777551440130 0.0 1
1777551440134 0.0 2
1777551440138 0.0 3
1777551440142 0.0 4
1777551440146 0.0 5
1777551440151 0.0 6
1777551440155 0.0 7
1777551440159 0.0 8
1777551440163 0.0 9
1777551440167 0.0 10
1777551440171 0.0 11
1777551440175 0.0 12
1777551440179 0.0 13
1777551440183 0.0 14
1777551440187 0.0 15
1777551440191 0.0 16
1777551440195 0.0 17
1777551440199 0.0 18
1777551440202 0.0 19
1777551440206 0.0 20
1777551440208 0.0 21
1777551440211 0.0 22
1777551440215 0.0 23
1777551440218 0.0 24
1777551440220 0.0 25
1777551440224 0.0 26
1777551440226 0.0 27
1777551440230 0.0 28
1777551440233 0.0 29
1777551440236 0.0 30
1777551440239 0.0 31
1777551440242 0.0 32
1777551440244 0.0 33
1777551440248 0.0 34
1777551440250 0.0 35
1777551440253 0.0 36
1777551440256 0.0 37
1777551440259 0.0 38
1777551440262 0.0 39
1777551440265 0.0 40
1777551440268 0.0 41
1777551440271 0.0 42
1777551440274 0.0 43
1777551440277 0.0 44
1777551440280 0.0 45
1777551440283 0.0 46
1777551440285 0.0 47
1777551440288 0.0 48
1777551440291 0.0 49
1777551440295 0.0 50
