1777551447573 0.0 1
1777551447576 0.0 2
1777551447579 0.0 3
1777551447582 0.0 4
1777551447585 0.0 5
1777551447589 0.0 6
1777551447591 0.0 7
1777551447595 0.0 8
1777551447598 0.0 9
1777551447600 0.0 10
1777551447604 0.0 11
1777551447607 0.0 12
1777551447610 0.0 13
1777551447613 0.0 14
1777551447616 0.0 15
1777551447620 0.0 16
1777551447623 0.0 17
1777551447626 0.0 18
1777551447630 0.0 19
1777551447632 0.0 20
1777551447636 0.0 21
1777551447639 0.0 22
1777551447642 0.0 23
1777551447645 0.0 24
1777551447647 0.0 25
1777551447651 0.0 26
1777551447654 0.0 27
1777551447657 0.0 28
1777551447660 0.0 29
1777551447663 0.0 30
1777551447666 0.0 31
1777551447669 0.0 32
1777551447672 0.0 33
1777551447675 0.0 34
1777551447678 0.0 35
1777551447681 0.0 36
1777551447685 0.0 37
1777551447688 0.0 38
1777551447692 0.0 39
1777551447695 0.0 40
1777551447698 0.0 41
1777551447700 0.0 42
1777551447704 0.0 43
1777551447707 0.0 44
1777551447710 0.0 45
1777551447713 0.0 46
1777551447716 0.0 47
1777551447719 0.0 48
1777551447722 0.0 49
1777551447725 0.0 50
