1777551437632 0.0 1
1777551437635 0.0 2
1777551437638 0.0 3
1777551437641 0.0 4
1777551437644 0.0 5
1777551437647 0.0 6
1777551437650 0.0 7
1777551437653 0.0 8
1777551437656 0.0 9
1777551437659 0.0 10
1777551437662 0.0 11
1777551437665 0.0 12
1777551437668 0.0 13
1777551437671 0.0 14
1777551437674 0.0 15
1777551437677 0.0 16
1777551437680 0.0 17
1777551437683 0.0 18
1777551437686 0.0 19
1777551437688 0.0 20
1777551437692 0.0 21
1777551437695 0.0 22
1777551437698 0.0 23
1777551437701 0.0 24
1777551437704 0.0 25
1777551437707 0.0 26
1777551437710 0.0 27
1777551437713 0.0 28
1777551437716 0.0 29
1777551437719 0.0 30
1777551437721 0.0 31
1777551437725 0.0 32
1777551437728 0.0 33
1777551437731 0.0 34
1777551437734 0.0 35
1777551437737 0.0 36
1777551437740 0.0 37
1777551437743 0.0 38
1777551437746 0.0 39
1777551437749 0.0 40
1777551437752 0.0 41
1777551437755 0.0 42
1777551437758 0.0 43
1777551437761 0.0 44
1777551437764 0.0 45
1777551437767 0.0 46
1777551437770 0.0 47
1777551437774 0.0 48
1777551437778 0.0 49
1777551437781 0.0 50
