1777551416662 0.0 1
1777551416664 0.0 2
1777551416667 0.0 3
1777551416669 0.0 4
1777551416671 0.0 5
1777551416674 0.0 6
1777551416676 0.0 7
1777551416679 0.0 8
1777551416681 0.0 9
1777551416683 0.0 10
1777551416686 0.0 11
1777551416688 0.0 12
1777551416690 0.0 13
1777551416692 0.0 14
1777551416695 0.0 15
1777551416697 0.0 16
1777551416700 0.0 17
1777551416702 0.0 18
1777551416704 0.0 19
1777551416707 0.0 20
1777551416709 0.0 21
1777551416712 0.0 22
1777551416714 0.0 23
1777551416717 0.0 24
1777551416719 0.0 25
1777551416721 0.0 26
1777551416724 0.0 27
1777551416726 0.0 28
1777551416728 0.0 29
1777551416731 0.0 30
1777551416733 0.0 31
1777551416736 0.0 32
1777551416738 0.0 33
1777551416741 0.0 34
1777551416743 0.0 35
1777551416746 0.0 36
1777551416748 0.0 37
1777551416750 0.0 38
1777551416753 0.0 39
1777551416755 0.0 40
1777551416758 0.0 41
1777551416760 0.0 42
1777551416762 0.0 43
1777551416765 0.0 44
1777551416767 0.0 45
1777551416769 0.0 46
1777551416772 0.0 47
1777551416774 0.0 48
1777551416777 0.0 49
1777551416779 0.0 50
