1777551418455 0.0 1
1777551418459 0.0 2
1777551418461 0.0 3
1777551418463 0.0 4
1777551418467 0.0 5
1777551418469 0.0 6
1777551418472 0.0 7
1777551418474 0.0 8
1777551418477 0.0 9
1777551418480 0.0 10
1777551418482 0.0 11
1777551418484 0.0 12
1777551418487 0.0 13
1777551418490 0.0 14
1777551418492 0.0 15
1777551418494 0.0 16
1777551418496 0.0 17
1777551418499 0.0 18
1777551418502 0.0 19
1777551418504 0.0 20
1777551418507 0.0 21
1777551418509 0.0 22
1777551418512 0.0 23
1777551418514 0.0 24
1777551418516 0.0 25
1777551418519 0.0 26
1777551418522 0.0 27
1777551418524 0.0 28
1777551418527 0.0 29
1777551418529 0.0 30
1777551418532 0.0 31
1777551418534 0.0 32
1777551418537 0.0 33
1777551418539 0.0 34
1777551418542 0.0 35
1777551418544 0.0 36
1777551418547 0.0 37
1777551418549 0.0 38
1777551418552 0.0 39
1777551418555 0.0 40
1777551418557 0.0 41
1777551418560 0.0 42
1777551418562 0.0 43
1777551418565 0.0 44
1777551418567 0.0 45
1777551418569 0.0 46
1777551418572 0.0 47
1777551418574 0.0 48
1777551418577 0.0 49
1777551418579 0.0 50
