1777551438563 0.0 1
1777551438567 0.0 2
1777551438570 0.0 3
1777551438573 0.0 4
1777551438576 0.0 5
1777551438579 0.0 6
1777551438583 0.0 7
1777551438587 0.0 8
1777551438591 0.0 9
1777551438595 0.0 10
1777551438599 0.0 11
1777551438604 0.0 12
1777551438608 0.0 13
1777551438612 0.0 14
1777551438617 0.0 15
1777551438620 0.0 16
1777551438625 0.0 17
1777551438630 0.0 18
1777551438634 0.0 19
1777551438637 0.0 20
1777551438641 0.0 21
1777551438645 0.0 22
1777551438649 0.0 23
1777551438653 0.0 24
1777551438657 0.0 25
1777551438660 0.0 26
1777551438665 0.0 27
1777551438668 0.0 28
1777551438672 0.0 29
1777551438676 0.0 30
1777551438679 0.0 31
1777551438682 0.0 32
1777551438686 0.0 33
1777551438690 0.0 34
1777551438693 0.0 35
1777551438697 0.0 36
1777551438700 0.0 37
1777551438703 0.0 38
1777551438706 0.0 39
1777551438709 0.0 40
1777551438712 0.0 41
1777551438714 0.0 42
1777551438718 0.0 43
1777551438720 0.0 44
1777551438723 0.0 45
1777551438727 0.0 46
1777551438729 0.0 47
1777551438733 0.0 48
1777551438735 0.0 49
1777551438738 0.0 50
