1777551415873 0.0 1
1777551415876 0.0 2
1777551415878 0.0 3
1777551415881 0.0 4
1777551415883 0.0 5
1777551415886 0.0 6
1777551415888 0.0 7
1777551415890 0.0 8
1777551415893 0.0 9
1777551415895 0.0 10
1777551415898 0.0 11
1777551415900 0.0 12
1777551415902 0.0 13
1777551415905 0.0 14
1777551415907 0.0 15
1777551415909 0.0 16
1777551415911 0.0 17
1777551415913 0.0 18
1777551415916 0.0 19
1777551415919 0.0 20
1777551415921 0.0 21
1777551415923 0.0 22
1777551415926 0.0 23
1777551415928 0.0 24
1777551415930 0.0 25
1777551415933 0.0 26
1777551415935 0.0 27
1777551415937 0.0 28
1777551415940 0.0 29
1777551415942 0.0 30
1777551415944 0.0 31
1777551415947 0.0 32
1777551415949 0.0 33
1777551415951 0.0 34
1777551415953 0.0 35
1777551415957 0.0 36
1777551415959 0.0 37
1777551415961 0.0 38
1777551415963 0.0 39
1777551415966 0.0 40
1777551415968 0.0 41
1777551415971 0.0 42
1777551415973 0.0 43
1777551415975 0.0 44
1777551415978 0.0 45
1777551415980 0.0 46
1777551415982 0.0 47
1777551415985 0.0 48
1777551415987 0.0 49
1777551415989 0.0 50
