1777551452285 0.0 1
1777551452289 0.0 2
1777551452293 0.0 3
1777551452297 0.0 4
1777551452302 0.0 5
1777551452306 0.0 6
1777551452310 0.0 7
1777551452314 0.0 8
1777551452318 0.0 9
1777551452321 0.0 10
1777551452326 0.0 11
1777551452330 0.0 12
1777551452334 0.0 13
1777551452338 0.0 14
1777551452342 0.0 15
1777551452346 0.0 16
1777551452349 0.0 17
1777551452352 0.0 18
1777551452355 0.0 19
1777551452358 0.0 20
1777551452360 0.0 21
1777551452364 0.0 22
1777551452367 0.0 23
1777551452369 0.0 24
1777551452372 0.0 25
1777551452376 0.0 26
1777551452379 0.0 27
1777551452381 0.0 28
1777551452384 0.0 29
1777551452387 0.0 30
1777551452390 0.0 31
1777551452393 0.0 32
1777551452396 0.0 33
1777551452399 0.0 34
1777551452401 0.0 35
1777551452404 0.0 36
1777551452407 0.0 37
1777551452411 0.0 38
1777551452415 0.0 39
1777551452418 0.0 40
1777551452423 0.0 41
1777551452426 0.0 42
1777551452430 0.0 43
1777551452434 0.0 44
1777551452437 0.0 45
1777551452440 0.0 46
1777551452443 0.0 47
1777551452446 0.0 48
1777551452448 0.0 49
1777551452451 0.0 50
