1777551417404 0.0 1
1777551417408 0.0 2
1777551417410 0.0 3
1777551417412 0.0 4
1777551417415 0.0 5
1777551417417 0.0 6
1777551417420 0.0 7
1777551417422 0.0 8
1777551417424 0.0 9
1777551417427 0.0 10
1777551417429 0.0 11
1777551417431 0.0 12
1777551417434 0.0 13
1777551417436 0.0 14
1777551417439 0.0 15
1777551417441 0.0 16
1777551417443 0.0 17
1777551417446 0.0 18
1777551417448 0.0 19
1777551417451 0.0 20
1777551417453 0.0 21
1777551417456 0.0 22
1777551417457 0.0 23
1777551417460 0.0 24
1777551417462 0.0 25
1777551417465 0.0 26
1777551417467 0.0 27
1777551417470 0.0 28
1777551417472 0.0 29
1777551417475 0.0 30
1777551417477 0.0 31
1777551417479 0.0 32
1777551417482 0.0 33
1777551417484 0.0 34
1777551417487 0.0 35
1777551417489 0.0 36
1777551417491 0.0 37
1777551417494 0.0 38
1777551417496 0.0 39
1777551417499 0.0 40
1777551417501 0.0 41
1777551417504 0.0 42
1777551417506 0.0 43
1777551417508 0.0 44
1777551417511 0.0 45
1777551417513 0.0 46
1777551417516 0.0 47
1777551417518 0.0 48
1777551417521 0.0 49
1777551417523 0.0 50
