1777551442711 0.0 1
1777551442714 0.0 2
1777551442717 0.0 3
1777551442720 0.0 4
1777551442723 0.0 5
1777551442726 0.0 6
1777551442729 0.0 7
1777551442732 0.0 8
1777551442735 0.0 9
1777551442738 0.0 10
1777551442741 0.0 11
1777551442744 0.0 12
1777551442747 0.0 13
1777551442750 0.0 14
1777551442753 0.0 15
1777551442756 0.0 16
1777551442759 0.0 17
1777551442761 0.0 18
1777551442765 0.0 19
1777551442768 0.0 20
1777551442771 0.0 21
1777551442774 0.0 22
1777551442777 0.0 23
1777551442780 0.0 24
1777551442783 0.0 25
1777551442786 0.0 26
1777551442789 0.0 27
1777551442792 0.0 28
1777551442795 0.0 29
1777551442798 0.0 30
1777551442801 0.0 31
1777551442804 0.0 32
1777551442807 0.0 33
1777551442811 0.0 34
1777551442815 0.0 35
1777551442819 0.0 36
1777551442824 0.0 37
1777551442828 0.0 38
1777551442832 0.0 39
1777551442836 0.0 40
1777551442840 0.0 41
1777551442845 0.0 42
1777551442848 0.0 43
1777551442852 0.0 44
1777551442857 0.0 45
1777551442861 0.0 46
1777551442865 0.0 47
1777551442870 0.0 48
1777551442874 0.0 49
1777551442878 0.0 50
