1777551414563 0.0 1
1777551414566 0.0 2
1777551414568 0.0 3
1777551414571 0.0 4
1777551414573 0.0 5
1777551414576 0.0 6
1777551414577 0.0 7
1777551414580 0.0 8
1777551414583 0.0 9
1777551414585 0.0 10
1777551414587 0.0 11
1777551414590 0.0 12
1777551414593 0.0 13
1777551414595 0.0 14
1777551414598 0.0 15
1777551414600 0.0 16
1777551414602 0.0 17
1777551414605 0.0 18
1777551414607 0.0 19
1777551414610 0.0 20
1777551414613 0.0 21
1777551414615 0.0 22
1777551414617 0.0 23
1777551414620 0.0 24
1777551414623 0.0 25
1777551414626 0.0 26
1777551414628 0.0 27
1777551414630 0.0 28
1777551414633 0.0 29
1777551414636 0.0 30
1777551414638 0.0 31
1777551414640 0.0 32
1777551414642 0.0 33
1777551414645 0.0 34
1777551414647 0.0 35
1777551414650 0.0 36
1777551414652 0.0 37
1777551414655 0.0 38
1777551414657 0.0 39
1777551414659 0.0 40
1777551414662 0.0 41
1777551414664 0.0 42
1777551414666 0.0 43
1777551414669 0.0 44
1777551414671 0.0 45
1777551414673 0.0 46
1777551414676 0.0 47
1777551414677 0.0 48
1777551414680 0.0 49
1777551414682 0.0 50
